1.50
0.00
1.51
2.97
1.01
11.56
3.02
1.00
0.50
0.50
1.01
1.50
0.51
1.49
1.00
0.50
2.50
0.50
1.00
0.00
1.50
0.50
1.01
1.00
1.50
0.00
7.58
0.50
1.00
0.50
1.00
1.00
1.00
1.49
1.01
1.00
2.01
0.50
1.01
0.50
1.00
0.50
1.50
0.51
1.50
0.50
11.50
2.49
1.01
0.50
2.50
0.00
1.01
1.01
1.00
0.00
7.04
0.50
2.01
1.49
1.01
0.50
1.50
1.00
0.50
12.00
3.02
0.50
0.50
0.51
1.49
0.50
2.50
1.51
0.50
0.50
1.50
0.50
1.01
0.50
1.00
0.50
1.01
1.49
2.01
0.50
6.53
0.50
1.00
0.50
1.49
1.50
1.50
1.01
1.00
0.50
1.01
0.50
1.01
0.50
