2.00
2.01
2.49
2.00
2.50
1.50
2.50
1.99
16.58
2.01
2.50
1.99
2.01
1.99
1.99
4.00
2.49
1.00
2.49
1.00
2.00
1.01
4.00
1.98
1.99
1.49
2.50
1.49
4.52
1.50
2.51
1.00
2.51
1.50
2.50
1.50
1.50
1.01
15.08
2.51
1.51
1.50
3.52
1.51
2.00
1.50
6.00
24.62
2.50
1.50
7.00
24.62
6.00
2.00
3.03
2.00
4.50
1.50
2.99
0.50
2.99
1.00
3.00
1.51
2.50
3.98
2.51
1.50
13.07
2.53
2.97
1.00
5.53
2.50
2.50
1.49
2.01
1.49
2.51
1.50
1.50
1.00
3.52
2.00
1.51
4.00
2.50
1.00
2.50
1.50
1.51
1.00
3.50
1.51
2.00
1.49
1.50
1.50
14.57
2.00
