1.52
2.53
1.51
1.00
1.01
5.05
1.01
2.53
11.06
3.55
2.01
6.60
1.51
2.01
1.01
2.53
1.01
2.03
2.01
2.01
1.01
2.53
1.52
2.01
0.51
5.03
1.02
2.53
1.51
2.54
1.01
2.01
1.01
2.01
0.51
1.52
1.01
2.53
14.07
4.06
1.01
1.51
1.52
2.02
1.00
1.52
9.05
19.70
6.53
1.52
9.05
19.60
1.51
1.52
1.01
1.51
1.01
2.00
2.03
1.01
2.00
2.02
4.52
2.02
1.01
1.52
1.00
3.02
14.72
2.51
1.02
3.50
2.02
2.53
0.50
2.53
1.50
1.51
1.51
2.03
1.01
2.00
3.54
2.02
1.01
2.00
1.01
1.52
2.00
2.53
0.51
2.01
0.51
2.02
1.01
2.02
3.52
1.52
10.61
3.54
