Linux 3.10.0-514.16.1.el7.x86_64 (b09-h15-r620.rdu.openstack.engineering.redhat.com_4.example.com) 	06/13/2017 	_x86_64_	(2 CPU)

02:20:11 AM     CPU      %usr     %nice      %sys   %iowait    %steal      %irq     %soft    %guest    %gnice     %idle
02:20:12 AM     all     50.00      0.00      1.00      0.00      0.00      0.00      0.00      0.00      0.00     49.00
02:20:12 AM       0      1.00      0.00      2.00      0.00      0.00      0.00      0.00      0.00      0.00     97.00
02:20:12 AM       1    100.00      0.00      0.00      0.00      0.00      0.00      0.00      0.00      0.00      0.00
02:20:13 AM     all     50.25      0.00      0.50      0.00      0.00      0.00      0.00      0.00      0.00     49.25
02:20:13 AM       0      1.00      0.00      0.00      0.00      0.00      0.00      0.00      0.00      0.00     99.00
02:20:13 AM       1     99.01      0.00      0.99      0.00      0.00      0.00      0.00      0.00      0.00      0.00
02:20:14 AM     all     50.50      0.00      1.00      0.00      0.00      0.00      0.00      0.00      0.00     48.50
02:20:14 AM       0     25.25      0.00      1.01      0.00      0.00      0.00      0.00      0.00      0.00     73.74
02:20:14 AM       1     75.76      0.00      0.00      0.00      0.00      0.00      0.00      0.00      0.00     24.24
02:20:15 AM     all     50.25      0.00      0.00      0.00      0.00      0.00      0.00      0.00      0.00     49.75
02:20:15 AM       0     83.00      0.00      0.00      0.00      0.00      0.00      0.00      0.00      0.00     17.00
02:20:15 AM       1     18.00      0.00      0.00      0.00      0.00      0.00      0.00      0.00      0.00     82.00
02:20:16 AM     all     51.76      0.00      0.50      0.00      0.00      0.00      0.00      0.00      0.00     47.74
02:20:16 AM       0      3.03      0.00      1.01      0.00      0.00      0.00      0.00      0.00      0.00     95.96
02:20:16 AM       1    100.00      0.00      0.00      0.00      0.00      0.00      0.00      0.00      0.00      0.00
02:20:17 AM     all     50.25      0.00      0.50      0.00      0.00      0.00      0.00      0.00      0.00     49.25
02:20:17 AM       0      1.00      0.00      1.00      0.00      0.00      0.00      0.00      0.00      0.00     98.00
02:20:17 AM       1     99.00      0.00      1.00      0.00      0.00      0.00      0.00      0.00      0.00      0.00
02:20:18 AM     all     50.00      0.00      1.00      0.00      0.00      0.00      0.00      0.00      0.00     49.00
02:20:18 AM       0     50.00      0.00      1.00      0.00      0.00      0.00      0.00      0.00      0.00     49.00
02:20:18 AM       1     50.51      0.00      0.00      0.00      0.00      0.00      0.00      0.00      0.00     49.49
02:20:19 AM     all     50.00      0.00      1.00      0.00      0.00      0.00      0.00      0.00      0.00     49.00
02:20:19 AM       0     99.00      0.00      1.00      0.00      0.00      0.00      0.00      0.00      0.00      0.00
02:20:19 AM       1      1.00      0.00      1.00      0.00      0.00      0.00      0.00      0.00      0.00     98.00
02:20:20 AM     all     51.26      0.00      3.52      0.00      0.00      0.00      0.00      0.00      0.00     45.23
02:20:20 AM       0     99.00      0.00      1.00      0.00      0.00      0.00      0.00      0.00      0.00      0.00
02:20:20 AM       1      3.03      0.00      7.07      0.00      0.00      0.00      0.00      0.00      0.00     89.90
02:20:21 AM     all     50.00      0.00      0.50      0.00      0.00      0.00      0.00      0.00      0.00     49.50
02:20:21 AM       0      1.01      0.00      0.00      0.00      0.00      0.00      0.00      0.00      0.00     98.99
02:20:21 AM       1     98.02      0.00      0.99      0.00      0.00      0.00      0.00      0.00      0.00      0.99
02:20:22 AM     all     50.00      0.00      1.00      0.00      0.00      0.00      0.00      0.00      0.00     49.00
02:20:22 AM       0      0.00      0.00      1.00      0.00      0.00      0.00      0.00      0.00      0.00     99.00
02:20:22 AM       1     99.00      0.00      1.00      0.00      0.00      0.00      0.00      0.00      0.00      0.00
02:20:23 AM     all     50.51      0.00      0.00      0.00      0.00      0.00      0.00      0.00      0.00     49.49
02:20:23 AM       0      1.01      0.00      0.00      0.00      0.00      0.00      0.00      0.00      0.00     98.99
02:20:23 AM       1    100.00      0.00      0.00      0.00      0.00      0.00      0.00      0.00      0.00      0.00
02:20:24 AM     all     51.00      0.00      0.50      0.00      0.00      0.00      0.00      0.00      0.00     48.50
02:20:24 AM       0      1.01      0.00      1.01      0.00      0.00      0.00      0.00      0.00      0.00     97.98
02:20:24 AM       1    100.00      0.00      0.00      0.00      0.00      0.00      0.00      0.00      0.00      0.00
02:20:25 AM     all     50.00      0.00      0.50      0.00      0.00      0.00      0.00      0.00      0.00     49.50
02:20:25 AM       0     73.00      0.00      0.00      0.00      0.00      0.00      0.00      0.00      0.00     27.00
02:20:25 AM       1     27.27      0.00      0.00      0.00      0.00      0.00      0.00      0.00      0.00     72.73
02:20:26 AM     all     49.75      0.00      0.50      0.00      0.00      0.00      0.00      0.00      0.00     49.75
02:20:26 AM       0     99.00      0.00      1.00      0.00      0.00      0.00      0.00      0.00      0.00      0.00
02:20:26 AM       1      0.99      0.00      0.99      0.00      0.00      0.00      0.00      0.00      0.00     98.02
02:20:27 AM     all     50.25      0.00      0.50      0.00      0.00      0.00      0.00      0.00      0.00     49.25
02:20:27 AM       0     99.01      0.00      0.99      0.00      0.00      0.00      0.00      0.00      0.00      0.00
02:20:27 AM       1      0.00      0.00      0.00      0.00      0.00      0.00      0.00      0.00      0.00    100.00
02:20:28 AM     all     50.25      0.00      0.50      0.00      0.00      0.00      0.00      0.00      0.00     49.25
02:20:28 AM       0    100.00      0.00      0.00      0.00      0.00      0.00      0.00      0.00      0.00      0.00
02:20:28 AM       1      2.02      0.00      0.00      0.00      0.00      0.00      0.00      0.00      0.00     97.98
02:20:29 AM     all     50.50      0.00      1.00      0.00      0.00      0.00      0.00      0.00      0.00     48.50
02:20:29 AM       0     99.01      0.00      0.99      0.00      0.00      0.00      0.00      0.00      0.00      0.00
02:20:29 AM       1      0.99      0.00      1.98      0.00      0.00      0.00      0.00      0.00      0.00     97.03
02:20:30 AM     all     50.75      0.00      0.50      0.00      0.00      0.00      0.00      0.00      0.00     48.74
02:20:30 AM       0    100.00      0.00      0.00      0.00      0.00      0.00      0.00      0.00      0.00      0.00
02:20:30 AM       1      1.02      0.00      0.00      0.00      0.00      0.00      0.00      0.00      0.00     98.98
02:20:31 AM     all     50.50      0.00      0.00      0.00      0.00      0.00      0.00      0.00      0.00     49.50
02:20:31 AM       0    100.00      0.00      0.00      0.00      0.00      0.00      0.00      0.00      0.00      0.00
02:20:31 AM       1      1.01      0.00      0.00      0.00      0.00      0.00      0.00      0.00      0.00     98.99
Average:        all     50.39      0.00      0.73      0.00      0.00      0.00      0.00      0.00      0.00     48.88
Average:          0     51.88      0.00      0.65      0.00      0.00      0.00      0.00      0.00      0.00     47.47
Average:          1     48.95      0.00      0.75      0.00      0.00      0.00      0.00      0.00      0.00     50.30

