6.53
1.01
1.51
2.01
1.01
1.01
1.00
1.51
2.02
4.02
2.01
1.01
1.51
0.50
2.00
2.02
2.53
1.50
4.57
12.50
1.02
0.50
1.00
1.01
2.53
1.51
0.50
0.50
2.01
1.01
2.51
3.50
1.52
1.00
2.02
1.50
2.01
1.01
1.00
1.02
2.01
1.50
2.51
1.01
3.50
1.01
25.50
3.54
3.54
8.54
1.01
1.00
2.01
1.52
5.05
2.01
1.51
0.51
1.00
18.50
2.01
1.01
2.01
1.50
2.02
3.00
7.54
1.01
1.01
0.50
1.00
1.00
3.02
1.01
2.51
2.00
2.02
0.50
6.03
3.00
2.50
1.00
3.00
1.00
3.00
2.01
2.50
4.00
1.01
0.50
1.51
1.50
3.03
0.50
1.01
1.50
2.01
1.50
2.53
1.00
