Linux 3.10.0-514.16.1.el7.x86_64 (b09-h07-r620.rdu.openstack.engineering.redhat.com_1.example.com) 	06/13/2017 	_x86_64_	(2 CPU)

02:19:11 AM     CPU      %usr     %nice      %sys   %iowait    %steal      %irq     %soft    %guest    %gnice     %idle
02:19:12 AM     all     50.25      0.00      0.50      0.00      0.00      0.00      0.00      0.00      0.00     49.25
02:19:12 AM       0      1.00      0.00      1.00      0.00      0.00      0.00      0.00      0.00      0.00     98.00
02:19:12 AM       1     99.01      0.00      0.99      0.00      0.00      0.00      0.00      0.00      0.00      0.00
02:19:13 AM     all     50.25      0.00      0.50      0.00      0.00      0.00      0.00      0.00      0.00     49.25
02:19:13 AM       0      1.01      0.00      0.00      0.00      0.00      0.00      0.00      0.00      0.00     98.99
02:19:13 AM       1    100.00      0.00      0.00      0.00      0.00      0.00      0.00      0.00      0.00      0.00
02:19:14 AM     all     51.00      0.00      1.00      0.00      0.00      0.00      0.00      0.00      0.00     48.00
02:19:14 AM       0      2.00      0.00      2.00      0.00      0.00      0.00      0.00      0.00      0.00     96.00
02:19:14 AM       1     99.00      0.00      1.00      0.00      0.00      0.00      0.00      0.00      0.00      0.00
02:19:15 AM     all     50.75      0.00      3.52      0.00      0.00      0.00      0.00      0.00      0.00     45.73
02:19:15 AM       0      2.00      0.00      7.00      0.00      0.00      0.00      0.00      0.00      0.00     91.00
02:19:15 AM       1     99.01      0.00      0.00      0.00      0.00      0.00      0.99      0.00      0.00      0.00
02:19:16 AM     all     50.50      0.00      1.00      0.00      0.00      0.00      0.00      0.00      0.00     48.50
02:19:16 AM       0     75.76      0.00      1.01      0.00      0.00      0.00      0.00      0.00      0.00     23.23
02:19:16 AM       1     25.25      0.00      0.00      0.00      0.00      0.00      0.00      0.00      0.00     74.75
02:19:17 AM     all     50.25      0.00      0.50      0.00      0.00      0.00      0.00      0.00      0.00     49.25
02:19:17 AM       0     99.00      0.00      1.00      0.00      0.00      0.00      0.00      0.00      0.00      0.00
02:19:17 AM       1      1.00      0.00      1.00      0.00      0.00      0.00      0.00      0.00      0.00     98.00
02:19:18 AM     all     50.75      0.00      0.50      0.00      0.00      0.00      0.00      0.00      0.00     48.74
02:19:18 AM       0    100.00      0.00      0.00      0.00      0.00      0.00      0.00      0.00      0.00      0.00
02:19:18 AM       1      2.02      0.00      0.00      0.00      0.00      0.00      0.00      0.00      0.00     97.98
02:19:19 AM     all     50.50      0.00      0.50      0.00      0.00      0.00      0.00      0.00      0.00     49.00
02:19:19 AM       0     99.00      0.00      1.00      0.00      0.00      0.00      0.00      0.00      0.00      0.00
02:19:19 AM       1      1.00      0.00      1.00      0.00      0.00      0.00      0.00      0.00      0.00     98.00
02:19:20 AM     all     51.01      0.00      0.51      0.00      0.00      0.00      0.00      0.00      0.00     48.48
02:19:20 AM       0    100.00      0.00      0.00      0.00      0.00      0.00      0.00      0.00      0.00      0.00
02:19:20 AM       1      2.02      0.00      1.01      0.00      0.00      0.00      0.00      0.00      0.00     96.97
02:19:21 AM     all     50.25      0.00      0.50      0.00      0.00      0.00      0.00      0.00      0.00     49.25
02:19:21 AM       0    100.00      0.00      0.00      0.00      0.00      0.00      0.00      0.00      0.00      0.00
02:19:21 AM       1      1.01      0.00      0.00      0.00      0.00      0.00      0.00      0.00      0.00     98.99
02:19:22 AM     all     50.75      0.00      0.50      0.00      0.00      0.00      0.00      0.00      0.00     48.74
02:19:22 AM       0     99.01      0.00      0.99      0.00      0.00      0.00      0.00      0.00      0.00      0.00
02:19:22 AM       1      1.01      0.00      1.01      0.00      0.00      0.00      0.00      0.00      0.00     97.98
02:19:23 AM     all     50.50      0.00      0.50      0.00      0.00      0.00      0.00      0.00      0.00     49.00
02:19:23 AM       0    100.00      0.00      0.00      0.00      0.00      0.00      0.00      0.00      0.00      0.00
02:19:23 AM       1      1.01      0.00      0.00      0.00      0.00      0.00      0.00      0.00      0.00     98.99
02:19:24 AM     all     50.75      0.00      0.50      0.00      0.00      0.00      0.00      0.00      0.00     48.74
02:19:24 AM       0    100.00      0.00      0.00      0.00      0.00      0.00      0.00      0.00      0.00      0.00
02:19:24 AM       1      1.01      0.00      1.01      0.00      0.00      0.00      0.00      0.00      0.00     97.98
02:19:25 AM     all     50.50      0.00      0.50      0.00      0.00      0.00      0.00      0.00      0.00     49.00
02:19:25 AM       0     99.01      0.00      0.99      0.00      0.00      0.00      0.00      0.00      0.00      0.00
02:19:25 AM       1      1.98      0.00      0.99      0.00      0.00      0.00      0.00      0.00      0.00     97.03
02:19:26 AM     all     53.27      0.00      0.50      0.00      0.00      0.00      0.00      0.00      0.00     46.23
02:19:26 AM       0    100.00      0.00      0.00      0.00      0.00      0.00      0.00      0.00      0.00      0.00
02:19:26 AM       1      6.12      0.00      0.00      0.00      0.00      0.00      0.00      0.00      0.00     93.88
02:19:27 AM     all     50.25      0.00      0.50      0.00      0.00      0.00      0.00      0.00      0.00     49.25
02:19:27 AM       0     99.00      0.00      1.00      0.00      0.00      0.00      0.00      0.00      0.00      0.00
02:19:27 AM       1      1.00      0.00      1.00      0.00      0.00      0.00      0.00      0.00      0.00     98.00
02:19:28 AM     all     50.75      0.00      0.50      0.00      0.00      0.00      0.00      0.00      0.00     48.74
02:19:28 AM       0    100.00      0.00      0.00      0.00      0.00      0.00      0.00      0.00      0.00      0.00
02:19:28 AM       1      1.01      0.00      1.01      0.00      0.00      0.00      0.00      0.00      0.00     97.98
02:19:29 AM     all     50.25      0.00      0.50      0.00      0.00      0.00      0.00      0.00      0.00     49.25
02:19:29 AM       0    100.00      0.00      0.00      0.00      0.00      0.00      0.00      0.00      0.00      0.00
02:19:29 AM       1      1.01      0.00      0.00      0.00      0.00      0.00      0.00      0.00      0.00     98.99
02:19:30 AM     all     50.75      0.00      1.01      0.00      0.00      0.00      0.00      0.00      0.00     48.24
02:19:30 AM       0     99.01      0.00      0.99      0.00      0.00      0.00      0.00      0.00      0.00      0.00
02:19:30 AM       1      1.01      0.00      2.02      0.00      0.00      0.00      0.00      0.00      0.00     96.97
02:19:31 AM     all     50.50      0.00      0.50      0.00      0.00      0.00      0.00      0.00      0.00     49.00
02:19:31 AM       0    100.00      0.00      0.00      0.00      0.00      0.00      0.00      0.00      0.00      0.00
02:19:31 AM       1      1.01      0.00      0.00      0.00      0.00      0.00      0.00      0.00      0.00     98.99
Average:        all     50.69      0.00      0.73      0.00      0.00      0.00      0.00      0.00      0.00     48.58
Average:          0     78.82      0.00      0.85      0.00      0.00      0.00      0.00      0.00      0.00     20.33
Average:          1     22.42      0.00      0.60      0.00      0.00      0.00      0.05      0.00      0.00     76.92

