3.00
1.01
2.53
1.49
2.53
1.01
2.00
1.00
2.00
3.54
3.02
1.00
3.52
8.08
4.55
1.01
5.53
1.51
2.51
1.01
3.48
1.01
2.51
1.01
1.52
1.51
2.51
1.01
2.51
1.00
5.03
2.51
2.53
1.01
2.02
0.50
2.01
2.02
5.00
1.01
2.01
1.50
2.02
10.55
9.09
1.01
29.15
3.03
2.53
1.01
3.00
1.51
1.52
1.01
18.18
1.01
2.50
1.01
2.02
1.01
3.52
1.50
2.01
1.00
2.00
1.02
2.50
1.01
1.50
4.04
3.02
1.01
3.00
9.05
6.03
4.02
2.53
1.50
3.02
1.00
3.52
0.50
2.50
1.01
3.02
1.01
2.51
1.00
2.51
4.04
2.50
1.51
4.02
1.52
2.00
1.00
2.50
1.01
2.53
0.50
