2.51
1.01
5.05
1.01
2.49
1.01
1.52
0.51
14.50
2.53
6.50
0.51
2.02
1.00
2.02
1.02
2.50
1.00
2.02
1.52
3.50
3.54
1.52
1.01
1.52
1.01
2.51
1.01
2.01
1.00
3.03
1.50
2.02
1.51
1.52
3.52
2.01
1.01
11.06
4.06
2.02
2.00
2.03
1.00
4.55
1.01
2.00
26.77
2.53
1.01
2.01
2.01
2.54
1.00
1.01
1.01
28.28
1.00
5.05
1.50
1.52
2.01
2.53
1.01
1.01
1.01
2.03
1.00
14.80
3.02
1.52
1.52
2.51
0.50
2.51
1.01
2.02
1.01
1.52
2.02
5.05
2.01
2.02
0.51
2.00
1.02
1.52
1.01
2.03
1.00
3.55
1.51
5.58
1.01
2.00
1.01
1.52
0.51
12.06
2.54
