Linux 3.10.0-514.16.1.el7.x86_64 (b09-h23-r620.rdu.openstack.engineering.redhat.com_3.example.com) 	06/13/2017 	_x86_64_	(2 CPU)

02:21:42 AM     CPU      %usr     %nice      %sys   %iowait    %steal      %irq     %soft    %guest    %gnice     %idle
02:21:43 AM     all     50.00      0.00      0.50      0.00      0.00      0.00      0.00      0.00      0.00     49.50
02:21:43 AM       0     34.00      0.00      1.00      0.00      0.00      0.00      0.00      0.00      0.00     65.00
02:21:43 AM       1     66.00      0.00      1.00      0.00      0.00      0.00      0.00      0.00      0.00     33.00
02:21:44 AM     all     50.51      0.00      0.00      0.00      0.00      0.00      0.00      0.00      0.00     49.49
02:21:44 AM       0     59.60      0.00      0.00      0.00      0.00      0.00      0.00      0.00      0.00     40.40
02:21:44 AM       1     41.58      0.00      0.00      0.00      0.00      0.00      0.00      0.00      0.00     58.42
02:21:45 AM     all     50.00      0.00      1.00      0.00      0.00      0.00      0.00      0.00      0.00     49.00
02:21:45 AM       0      1.00      0.00      1.00      0.00      0.00      0.00      0.00      0.00      0.00     98.00
02:21:45 AM       1     99.00      0.00      1.00      0.00      0.00      0.00      0.00      0.00      0.00      0.00
02:21:46 AM     all     51.26      0.00      0.50      0.00      0.00      0.00      0.00      0.00      0.00     48.24
02:21:46 AM       0     21.00      0.00      0.00      0.00      0.00      0.00      0.00      0.00      0.00     79.00
02:21:46 AM       1     81.82      0.00      1.01      0.00      0.00      0.00      0.00      0.00      0.00     17.17
02:21:47 AM     all     50.50      0.00      0.50      0.00      0.00      0.00      0.00      0.00      0.00     49.00
02:21:47 AM       0      1.01      0.00      0.00      0.00      0.00      0.00      0.00      0.00      0.00     98.99
02:21:47 AM       1    100.00      0.00      0.00      0.00      0.00      0.00      0.00      0.00      0.00      0.00
02:21:48 AM     all     49.25      0.00      1.49      0.00      0.00      0.00      0.50      0.00      0.00     48.76
02:21:48 AM       0      0.00      0.00      2.02      0.00      0.00      0.00      0.00      0.00      0.00     97.98
02:21:48 AM       1     99.00      0.00      1.00      0.00      0.00      0.00      0.00      0.00      0.00      0.00
02:21:49 AM     all     50.75      0.00      0.50      0.00      0.00      0.00      0.00      0.00      0.00     48.74
02:21:49 AM       0      1.01      0.00      0.00      0.00      0.00      0.00      0.00      0.00      0.00     98.99
02:21:49 AM       1     99.01      0.00      0.99      0.00      0.00      0.00      0.00      0.00      0.00      0.00
02:21:50 AM     all     50.00      0.00      0.50      0.00      0.00      0.00      0.00      0.00      0.00     49.50
02:21:50 AM       0      1.00      0.00      1.00      0.00      0.00      0.00      0.00      0.00      0.00     98.00
02:21:50 AM       1    100.00      0.00      0.00      0.00      0.00      0.00      0.00      0.00      0.00      0.00
02:21:51 AM     all     50.25      0.00      0.50      0.00      0.00      0.00      0.00      0.00      0.00     49.25
02:21:51 AM       0     99.00      0.00      1.00      0.00      0.00      0.00      0.00      0.00      0.00      0.00
02:21:51 AM       1      0.99      0.00      0.99      0.00      0.00      0.00      0.00      0.00      0.00     98.02
02:21:52 AM     all     50.50      0.00      0.50      0.00      0.00      0.00      0.00      0.00      0.00     49.00
02:21:52 AM       0    100.00      0.00      0.00      0.00      0.00      0.00      0.00      0.00      0.00      0.00
02:21:52 AM       1      1.01      0.00      0.00      0.00      0.00      0.00      0.00      0.00      0.00     98.99
02:21:53 AM     all     50.25      0.00      0.50      0.00      0.00      0.00      0.00      0.00      0.00     49.25
02:21:53 AM       0    100.00      0.00      0.00      0.00      0.00      0.00      0.00      0.00      0.00      0.00
02:21:53 AM       1      1.01      0.00      1.01      0.00      0.00      0.00      0.00      0.00      0.00     97.98
02:21:54 AM     all     50.00      0.00      0.50      0.00      0.00      0.00      0.00      0.00      0.00     49.50
02:21:54 AM       0      5.94      0.00      0.99      0.00      0.00      0.00      0.00      0.00      0.00     93.07
02:21:54 AM       1     94.06      0.00      0.99      0.00      0.00      0.00      0.00      0.00      0.00      4.95
02:21:55 AM     all     50.75      0.00      0.50      0.00      0.00      0.00      0.00      0.00      0.00     48.74
02:21:55 AM       0      1.01      0.00      1.01      0.00      0.00      0.00      0.00      0.00      0.00     97.98
02:21:55 AM       1    100.00      0.00      0.00      0.00      0.00      0.00      0.00      0.00      0.00      0.00
02:21:56 AM     all     50.00      0.00      0.00      0.00      0.00      0.00      0.00      0.00      0.00     50.00
02:21:56 AM       0      1.00      0.00      0.00      0.00      0.00      0.00      0.00      0.00      0.00     99.00
02:21:56 AM       1    100.00      0.00      0.00      0.00      0.00      0.00      0.00      0.00      0.00      0.00
02:21:57 AM     all     50.50      0.00      1.00      0.00      0.00      0.00      0.00      0.00      0.00     48.50
02:21:57 AM       0      0.00      0.00      1.01      0.00      0.00      0.00      0.00      0.00      0.00     98.99
02:21:57 AM       1     99.01      0.00      0.99      0.00      0.00      0.00      0.00      0.00      0.00      0.00
02:21:58 AM     all     50.25      0.00      0.50      0.00      0.00      0.00      0.00      0.00      0.00     49.25
02:21:58 AM       0      1.01      0.00      1.01      0.00      0.00      0.00      0.00      0.00      0.00     97.98
02:21:58 AM       1    100.00      0.00      0.00      0.00      0.00      0.00      0.00      0.00      0.00      0.00
02:21:59 AM     all     50.25      0.00      1.01      0.00      0.00      0.00      0.00      0.00      0.00     48.74
02:21:59 AM       0      1.00      0.00      1.00      0.00      0.00      0.00      0.00      0.00      0.00     98.00
02:21:59 AM       1     98.04      0.00      0.98      0.00      0.00      0.00      0.98      0.00      0.00      0.00
02:22:00 AM     all     50.25      0.00      0.50      0.00      0.00      0.00      0.00      0.00      0.00     49.25
02:22:00 AM       0    100.00      0.00      0.00      0.00      0.00      0.00      0.00      0.00      0.00      0.00
02:22:00 AM       1      0.00      0.00      1.01      0.00      0.00      0.00      0.00      0.00      0.00     98.99
02:22:01 AM     all     50.51      0.00      0.51      0.00      0.00      0.00      0.00      0.00      0.00     48.99
02:22:01 AM       0     99.00      0.00      0.00      0.00      0.00      0.00      0.00      0.00      0.00      1.00
02:22:01 AM       1      2.00      0.00      1.00      0.00      0.00      0.00      0.00      0.00      0.00     97.00
02:22:02 AM     all     49.75      0.00      1.00      0.00      0.00      0.00      0.00      0.00      0.00     49.25
02:22:02 AM       0      0.00      0.00      0.00      0.00      0.00      0.00      0.00      0.00      0.00    100.00
02:22:02 AM       1     99.00      0.00      1.00      0.00      0.00      0.00      0.00      0.00      0.00      0.00
Average:        all     50.28      0.00      0.60      0.00      0.00      0.00      0.03      0.00      0.00     49.10
Average:          0     31.39      0.00      0.55      0.00      0.00      0.00      0.00      0.00      0.00     68.06
Average:          1     69.12      0.00      0.65      0.00      0.00      0.00      0.05      0.00      0.00     30.18

