2.50
2.01
1.50
3.00
1.51
3.50
1.49
4.55
1.00
2.01
1.00
2.50
1.49
5.03
1.50
3.50
1.01
4.04
15.00
2.51
1.00
2.50
1.01
3.00
0.50
4.00
1.00
2.01
1.01
2.51
4.02
2.01
1.01
2.51
1.50
3.54
1.01
2.00
1.01
2.01
1.01
3.54
1.01
2.51
3.54
3.52
1.01
29.00
7.04
2.01
1.51
1.52
1.01
5.53
1.00
2.51
1.01
2.99
1.50
27.86
2.02
2.51
1.49
2.54
1.01
3.50
4.02
2.51
1.50
2.01
1.00
3.02
1.50
2.51
1.01
3.02
1.51
3.50
12.63
2.02
1.00
1.50
2.50
2.53
1.50
2.51
1.50
5.53
1.01
1.50
1.01
2.51
1.99
2.51
1.01
3.54
1.50
4.50
1.01
2.00
