2.02
1.51
1.01
26.13
2.53
1.01
2.51
1.01
3.02
0.51
2.51
3.02
1.01
1.01
2.02
1.51
2.01
1.01
2.54
1.00
2.03
1.01
15.23
1.52
1.51
1.52
1.52
1.00
3.03
1.01
2.01
0.50
7.04
0.51
1.51
2.51
3.03
1.01
3.03
1.00
1.52
1.01
4.02
1.52
1.51
1.01
5.03
25.63
3.02
1.50
2.02
1.01
12.63
1.01
4.04
1.01
2.51
0.51
3.03
1.01
1.01
0.51
2.02
26.13
1.01
1.50
2.02
1.50
5.05
1.01
2.01
1.01
2.01
1.51
1.52
1.51
2.53
1.01
2.02
1.01
4.55
0.51
12.56
1.01
2.02
1.52
2.01
1.51
5.56
1.01
1.01
1.01
1.52
0.50
1.52
2.51
2.54
0.50
3.02
0.51
