Linux 3.10.0-514.16.1.el7.x86_64 (b09-h02-r620.rdu.openstack.engineering.redhat.com_4.example.com) 	06/13/2017 	_x86_64_	(2 CPU)

02:18:25 AM     CPU      %usr     %nice      %sys   %iowait    %steal      %irq     %soft    %guest    %gnice     %idle
02:18:26 AM     all     50.00      0.00      0.50      0.00      0.00      0.00      0.00      0.00      0.00     49.50
02:18:26 AM       0      0.00      0.00      1.01      0.00      0.00      0.00      0.00      0.00      0.00     98.99
02:18:26 AM       1    100.00      0.00      0.00      0.00      0.00      0.00      0.00      0.00      0.00      0.00
02:18:27 AM     all     50.25      0.00      0.50      0.00      0.00      0.00      0.00      0.00      0.00     49.25
02:18:27 AM       0      0.00      0.00      1.01      0.00      0.00      0.00      0.00      0.00      0.00     98.99
02:18:27 AM       1     99.00      0.00      1.00      0.00      0.00      0.00      0.00      0.00      0.00      0.00
02:18:28 AM     all     50.25      0.00      0.50      0.00      0.00      0.00      0.00      0.00      0.00     49.25
02:18:28 AM       0      1.01      0.00      0.00      0.00      0.00      0.00      0.00      0.00      0.00     98.99
02:18:28 AM       1     99.01      0.00      0.00      0.00      0.00      0.00      0.99      0.00      0.00      0.00
02:18:29 AM     all     50.75      0.00      0.00      0.00      0.00      0.00      0.00      0.00      0.00     49.25
02:18:29 AM       0      1.00      0.00      1.00      0.00      0.00      0.00      0.00      0.00      0.00     98.00
02:18:29 AM       1    100.00      0.00      0.00      0.00      0.00      0.00      0.00      0.00      0.00      0.00
02:18:30 AM     all     50.50      0.00      1.00      0.00      0.00      0.00      0.00      0.00      0.00     48.50
02:18:30 AM       0      1.98      0.00      0.99      0.00      0.00      0.00      0.00      0.00      0.00     97.03
02:18:30 AM       1    100.00      0.00      0.00      0.00      0.00      0.00      0.00      0.00      0.00      0.00
02:18:31 AM     all     52.00      0.00      3.50      0.00      0.00      0.00      0.00      0.00      0.00     44.50
02:18:31 AM       0      4.00      0.00      7.00      0.00      0.00      0.00      0.00      0.00      0.00     89.00
02:18:31 AM       1     99.01      0.00      0.99      0.00      0.00      0.00      0.00      0.00      0.00      0.00
02:18:32 AM     all     50.25      0.00      0.50      0.00      0.00      0.00      0.00      0.00      0.00     49.25
02:18:32 AM       0      0.00      0.00      0.00      0.00      0.00      0.00      0.00      0.00      0.00    100.00
02:18:32 AM       1    100.00      0.00      0.00      0.00      0.00      0.00      0.00      0.00      0.00      0.00
02:18:33 AM     all     50.50      0.00      0.50      0.00      0.00      0.00      0.00      0.00      0.00     49.00
02:18:33 AM       0      2.00      0.00      1.00      0.00      0.00      0.00      0.00      0.00      0.00     97.00
02:18:33 AM       1    100.00      0.00      0.00      0.00      0.00      0.00      0.00      0.00      0.00      0.00
02:18:34 AM     all     50.75      0.00      0.50      0.00      0.00      0.00      0.00      0.00      0.00     48.74
02:18:34 AM       0      1.01      0.00      1.01      0.00      0.00      0.00      0.00      0.00      0.00     97.98
02:18:34 AM       1     99.01      0.00      0.99      0.00      0.00      0.00      0.00      0.00      0.00      0.00
02:18:35 AM     all     51.52      0.00      0.51      0.00      0.00      0.00      0.00      0.00      0.00     47.98
02:18:35 AM       0      3.03      0.00      0.00      0.00      0.00      0.00      0.00      0.00      0.00     96.97
02:18:35 AM       1    100.00      0.00      0.00      0.00      0.00      0.00      0.00      0.00      0.00      0.00
02:18:36 AM     all     50.25      0.00      0.00      0.00      0.00      0.00      0.00      0.00      0.00     49.75
02:18:36 AM       0      0.00      0.00      1.01      0.00      0.00      0.00      0.00      0.00      0.00     98.99
02:18:36 AM       1    100.00      0.00      0.00      0.00      0.00      0.00      0.00      0.00      0.00      0.00
02:18:37 AM     all     50.25      0.00      1.00      0.00      0.00      0.00      0.00      0.00      0.00     48.76
02:18:37 AM       0      1.00      0.00      1.00      0.00      0.00      0.00      0.00      0.00      0.00     98.00
02:18:37 AM       1     99.01      0.00      0.99      0.00      0.00      0.00      0.00      0.00      0.00      0.00
02:18:38 AM     all     50.51      0.00      0.51      0.00      0.00      0.00      0.00      0.00      0.00     48.99
02:18:38 AM       0      0.00      0.00      1.01      0.00      0.00      0.00      0.00      0.00      0.00     98.99
02:18:38 AM       1    100.00      0.00      0.00      0.00      0.00      0.00      0.00      0.00      0.00      0.00
02:18:39 AM     all     50.50      0.00      0.50      0.00      0.00      0.00      0.00      0.00      0.00     49.00
02:18:39 AM       0      1.01      0.00      1.01      0.00      0.00      0.00      0.00      0.00      0.00     97.98
02:18:39 AM       1    100.00      0.00      0.00      0.00      0.00      0.00      0.00      0.00      0.00      0.00
02:18:40 AM     all     50.00      0.00      1.00      0.00      0.00      0.00      0.50      0.00      0.00     48.50
02:18:40 AM       0      1.00      0.00      1.00      0.00      0.00      0.00      0.00      0.00      0.00     98.00
02:18:40 AM       1    100.00      0.00      0.00      0.00      0.00      0.00      0.00      0.00      0.00      0.00
02:18:41 AM     all     50.50      0.00      0.50      0.00      0.00      0.00      0.00      0.00      0.00     49.00
02:18:41 AM       0      1.01      0.00      1.01      0.00      0.00      0.00      0.00      0.00      0.00     97.98
02:18:41 AM       1     99.00      0.00      1.00      0.00      0.00      0.00      0.00      0.00      0.00      0.00
02:18:42 AM     all     50.25      0.00      1.51      0.00      0.00      0.00      0.00      0.00      0.00     48.24
02:18:42 AM       0      1.00      0.00      3.00      0.00      0.00      0.00      0.00      0.00      0.00     96.00
02:18:42 AM       1    100.00      0.00      0.00      0.00      0.00      0.00      0.00      0.00      0.00      0.00
02:18:43 AM     all     51.26      0.00      0.50      0.00      0.00      0.00      0.00      0.00      0.00     48.24
02:18:43 AM       0      2.00      0.00      1.00      0.00      0.00      0.00      0.00      0.00      0.00     97.00
02:18:43 AM       1    100.00      0.00      0.00      0.00      0.00      0.00      0.00      0.00      0.00      0.00
02:18:44 AM     all     50.50      0.00      0.50      0.00      0.00      0.00      0.00      0.00      0.00     49.00
02:18:44 AM       0      1.02      0.00      0.00      0.00      0.00      0.00      0.00      0.00      0.00     98.98
02:18:44 AM       1    100.00      0.00      0.00      0.00      0.00      0.00      0.00      0.00      0.00      0.00
02:18:45 AM     all     50.50      0.00      0.50      0.00      0.00      0.00      0.00      0.00      0.00     49.00
02:18:45 AM       0      1.00      0.00      1.00      0.00      0.00      0.00      0.00      0.00      0.00     98.00
02:18:45 AM       1    100.00      0.00      0.00      0.00      0.00      0.00      0.00      0.00      0.00      0.00
Average:        all     50.56      0.00      0.73      0.00      0.00      0.00      0.03      0.00      0.00     48.68
Average:          0      1.16      0.00      1.21      0.00      0.00      0.00      0.00      0.00      0.00     97.64
Average:          1     99.70      0.00      0.25      0.00      0.00      0.00      0.05      0.00      0.00      0.00

