Linux 3.10.0-514.16.1.el7.x86_64 (c01-h11-r620.rdu.openstack.engineering.redhat.com_2.example.com) 	06/13/2017 	_x86_64_	(2 CPU)

02:24:41 AM     CPU      %usr     %nice      %sys   %iowait    %steal      %irq     %soft    %guest    %gnice     %idle
02:24:42 AM     all     50.00      0.00      1.01      0.00      0.00      0.00      0.00      0.00      0.00     48.99
02:24:42 AM       0     99.00      0.00      1.00      0.00      0.00      0.00      0.00      0.00      0.00      0.00
02:24:42 AM       1      0.00      0.00      1.01      0.00      0.00      0.00      0.00      0.00      0.00     98.99
02:24:43 AM     all     50.00      0.00      1.00      0.00      0.00      0.00      0.00      0.00      0.00     49.00
02:24:43 AM       0     99.00      0.00      1.00      0.00      0.00      0.00      0.00      0.00      0.00      0.00
02:24:43 AM       1      0.00      0.00      2.00      0.00      0.00      0.00      0.00      0.00      0.00     98.00
02:24:44 AM     all     50.75      0.00      0.00      0.00      0.00      0.00      0.00      0.00      0.00     49.25
02:24:44 AM       0     45.00      0.00      0.00      0.00      0.00      0.00      0.00      0.00      0.00     55.00
02:24:44 AM       1     57.00      0.00      0.00      0.00      0.00      0.00      0.00      0.00      0.00     43.00
02:24:45 AM     all     50.75      0.00      0.50      0.00      0.00      0.00      0.00      0.00      0.00     48.74
02:24:45 AM       0      2.00      0.00      1.00      0.00      0.00      0.00      0.00      0.00      0.00     97.00
02:24:45 AM       1    100.00      0.00      0.00      0.00      0.00      0.00      0.00      0.00      0.00      0.00
02:24:46 AM     all     50.00      0.00      1.00      0.00      0.00      0.00      0.00      0.00      0.00     49.00
02:24:46 AM       0      0.00      0.00      0.00      0.00      0.00      0.00      0.00      0.00      0.00    100.00
02:24:46 AM       1     99.00      0.00      1.00      0.00      0.00      0.00      0.00      0.00      0.00      0.00
02:24:47 AM     all     50.25      0.00      0.50      0.00      0.00      0.00      0.00      0.00      0.00     49.25
02:24:47 AM       0     60.00      0.00      1.00      0.00      0.00      0.00      0.00      0.00      0.00     39.00
02:24:47 AM       1     40.00      0.00      1.00      0.00      0.00      0.00      0.00      0.00      0.00     59.00
02:24:48 AM     all     49.50      0.00      1.00      0.00      0.00      0.00      0.00      0.00      0.00     49.50
02:24:48 AM       0      0.99      0.00      0.99      0.00      0.00      0.00      0.00      0.00      0.00     98.02
02:24:48 AM       1     99.00      0.00      1.00      0.00      0.00      0.00      0.00      0.00      0.00      0.00
02:24:49 AM     all     50.75      0.00      2.51      0.00      0.00      0.00      0.00      0.00      0.00     46.73
02:24:49 AM       0      2.02      0.00      4.04      0.00      0.00      0.00      0.00      0.00      0.00     93.94
02:24:49 AM       1     99.00      0.00      1.00      0.00      0.00      0.00      0.00      0.00      0.00      0.00
02:24:50 AM     all     50.00      0.00      0.50      0.00      0.00      0.00      0.00      0.00      0.00     49.50
02:24:50 AM       0      0.00      0.00      0.00      0.00      0.00      0.00      0.00      0.00      0.00    100.00
02:24:50 AM       1    100.00      0.00      0.00      0.00      0.00      0.00      0.00      0.00      0.00      0.00
02:24:51 AM     all     50.50      0.00      1.00      0.00      0.00      0.00      0.50      0.00      0.00     48.00
02:24:51 AM       0      2.02      0.00      2.02      0.00      0.00      0.00      0.00      0.00      0.00     95.96
02:24:51 AM       1     99.01      0.00      0.99      0.00      0.00      0.00      0.00      0.00      0.00      0.00
02:24:52 AM     all     50.25      0.00      1.01      0.00      0.00      0.00      0.00      0.00      0.00     48.74
02:24:52 AM       0      1.01      0.00      0.00      0.00      0.00      0.00      0.00      0.00      0.00     98.99
02:24:52 AM       1     98.99      0.00      1.01      0.00      0.00      0.00      0.00      0.00      0.00      0.00
02:24:53 AM     all     50.75      0.00      0.00      0.00      0.00      0.00      0.00      0.00      0.00     49.25
02:24:53 AM       0      1.98      0.00      0.99      0.00      0.00      0.00      0.00      0.00      0.00     97.03
02:24:53 AM       1    100.00      0.00      0.00      0.00      0.00      0.00      0.00      0.00      0.00      0.00
02:24:54 AM     all     50.00      0.00      0.50      0.00      0.00      0.00      0.00      0.00      0.00     49.50
02:24:54 AM       0      0.00      0.00      0.00      0.00      0.00      0.00      0.00      0.00      0.00    100.00
02:24:54 AM       1     99.00      0.00      1.00      0.00      0.00      0.00      0.00      0.00      0.00      0.00
02:24:55 AM     all     50.75      0.00      0.50      0.00      0.00      0.00      0.00      0.00      0.00     48.74
02:24:55 AM       0      2.00      0.00      1.00      0.00      0.00      0.00      0.00      0.00      0.00     97.00
02:24:55 AM       1    100.00      0.00      0.00      0.00      0.00      0.00      0.00      0.00      0.00      0.00
02:24:56 AM     all     50.51      0.00      0.00      0.00      0.00      0.00      0.00      0.00      0.00     49.49
02:24:56 AM       0      1.01      0.00      0.00      0.00      0.00      0.00      0.00      0.00      0.00     98.99
02:24:56 AM       1    100.00      0.00      0.00      0.00      0.00      0.00      0.00      0.00      0.00      0.00
02:24:57 AM     all     50.25      0.00      1.00      0.00      0.00      0.00      0.00      0.00      0.00     48.76
02:24:57 AM       0      1.01      0.00      1.01      0.00      0.00      0.00      0.00      0.00      0.00     97.98
02:24:57 AM       1     99.01      0.00      0.99      0.00      0.00      0.00      0.00      0.00      0.00      0.00
02:24:58 AM     all     50.75      0.00      0.00      0.00      0.00      0.00      0.00      0.00      0.00     49.25
02:24:58 AM       0      1.00      0.00      0.00      0.00      0.00      0.00      0.00      0.00      0.00     99.00
02:24:58 AM       1    100.00      0.00      0.00      0.00      0.00      0.00      0.00      0.00      0.00      0.00
02:24:59 AM     all     50.50      0.00      0.50      0.00      0.00      0.00      0.00      0.00      0.00     49.00
02:24:59 AM       0      1.01      0.00      0.00      0.00      0.00      0.00      0.00      0.00      0.00     98.99
02:24:59 AM       1    100.00      0.00      0.00      0.00      0.00      0.00      0.00      0.00      0.00      0.00
02:25:00 AM     all     50.25      0.00      0.50      0.00      0.00      0.00      0.00      0.00      0.00     49.25
02:25:00 AM       0      1.00      0.00      1.00      0.00      0.00      0.00      0.00      0.00      0.00     98.00
02:25:00 AM       1     99.00      0.00      1.00      0.00      0.00      0.00      0.00      0.00      0.00      0.00
02:25:01 AM     all     50.50      0.00      1.00      0.00      0.00      0.00      0.00      0.00      0.00     48.50
02:25:01 AM       0      1.02      0.00      1.02      0.00      0.00      0.00      0.00      0.00      0.00     97.96
02:25:01 AM       1    100.00      0.00      0.00      0.00      0.00      0.00      0.00      0.00      0.00      0.00
Average:        all     50.35      0.00      0.70      0.00      0.00      0.00      0.03      0.00      0.00     48.92
Average:          0     16.13      0.00      0.80      0.00      0.00      0.00      0.00      0.00      0.00     83.07
Average:          1     84.47      0.00      0.60      0.00      0.00      0.00      0.00      0.00      0.00     14.93

