2.01
1.02
2.50
1.01
4.55
1.01
2.50
1.51
3.03
0.51
2.51
3.54
2.50
1.01
2.02
1.51
2.51
1.01
6.03
1.01
1.52
1.51
12.18
1.51
1.51
1.01
2.00
0.51
6.06
1.01
1.52
1.51
2.02
2.01
27.78
1.00
2.02
1.01
2.53
1.01
4.52
1.01
2.01
1.01
2.01
1.01
27.64
2.03
3.50
1.02
2.02
1.51
16.16
1.01
1.51
0.50
2.51
1.01
2.51
0.50
2.53
1.01
5.53
0.50
2.02
1.00
2.01
1.01
2.51
1.01
2.02
1.50
1.52
0.50
2.51
1.01
4.55
1.00
2.51
1.01
2.00
1.51
12.12
1.02
1.51
1.01
5.56
1.00
1.52
2.50
2.02
2.00
4.06
1.51
28.14
1.01
2.51
1.01
1.51
4.57
