1.51
1.52
1.51
3.02
1.01
2.03
1.51
1.02
1.01
2.02
1.51
5.05
1.01
2.02
1.01
2.01
2.51
1.52
1.01
2.01
1.01
3.02
0.51
7.58
2.01
12.69
1.51
2.53
1.01
2.01
2.02
5.05
3.52
2.02
1.51
2.01
1.01
1.51
1.01
2.51
1.01
2.02
1.01
5.56
1.51
1.52
26.13
1.50
1.01
1.52
1.01
2.01
1.01
2.51
2.01
15.23
26.13
1.51
1.51
2.02
0.51
1.52
1.01
2.01
2.51
1.52
1.01
5.03
1.02
1.01
1.52
2.03
1.01
1.52
2.03
2.02
1.02
3.03
1.01
1.52
1.51
5.05
1.01
2.01
3.05
12.69
1.01
1.52
3.50
2.54
1.52
1.01
1.01
2.02
2.02
1.52
1.01
2.02
1.01
2.03
