1.49
1.52
1.01
1.00
1.01
0.50
1.00
0.00
1.50
0.00
1.49
0.50
1.01
2.01
1.01
1.00
1.01
0.50
1.01
0.50
1.51
0.50
1.00
1.00
8.00
0.51
1.01
0.50
1.49
0.50
1.01
0.00
1.01
1.01
1.00
1.51
2.50
0.50
15.08
0.50
1.01
0.50
1.49
1.01
1.49
0.50
1.01
14.43
2.02
1.00
1.01
0.50
1.51
1.00
7.58
0.50
1.51
0.50
1.01
0.50
1.50
0.50
1.00
1.01
1.51
0.50
1.01
0.00
3.02
0.50
1.01
0.50
1.00
1.01
0.50
0.50
1.50
0.00
1.01
0.50
1.01
0.50
2.53
1.00
6.50
0.50
1.01
0.50
1.00
0.51
3.00
0.50
1.00
1.00
0.50
1.01
1.00
0.50
15.00
0.50
