1.01
3.50
24.24
2.01
3.54
3.54
2.01
2.51
1.01
2.53
1.00
2.02
0.50
3.54
2.02
1.52
4.52
2.51
0.51
2.50
1.01
2.53
10.05
6.06
0.51
2.53
2.01
2.53
1.01
1.50
1.01
2.51
1.51
2.01
0.51
1.52
4.52
2.53
1.01
2.00
1.01
2.02
1.01
2.01
1.01
2.01
3.54
24.12
1.01
4.55
0.51
2.50
9.60
3.03
1.00
2.03
1.51
2.51
3.54
2.01
1.01
4.02
24.12
2.00
0.51
2.01
1.52
2.01
1.01
2.01
1.01
2.51
3.05
2.01
3.54
2.01
2.02
3.52
1.01
2.02
0.51
2.51
13.07
3.55
1.50
3.02
1.52
2.02
1.01
2.02
1.01
1.52
0.50
6.03
0.51
2.01
2.01
2.02
1.51
2.02
