1.01
2.01
1.00
3.00
2.00
4.52
1.01
2.01
1.01
2.00
1.01
2.51
1.00
10.05
6.00
4.55
3.50
2.01
1.01
2.51
26.50
2.53
1.51
1.51
2.51
2.51
1.01
3.00
0.50
5.50
0.50
2.01
1.00
2.51
2.53
1.50
1.01
2.03
1.00
2.54
1.49
2.01
1.51
14.07
6.06
1.51
26.63
2.53
2.50
2.50
3.52
2.49
1.52
2.49
2.02
1.51
1.00
2.02
1.01
1.50
1.51
2.01
1.01
2.51
5.50
1.52
1.00
2.01
1.50
2.02
1.00
1.51
1.00
9.60
8.08
2.01
1.01
2.00
1.01
2.01
26.50
2.53
1.01
2.01
2.01
2.02
1.01
6.03
1.00
1.52
1.51
2.51
1.01
1.52
2.50
4.55
1.50
2.51
0.51
2.51
