1.01
1.52
2.50
1.01
1.52
2.01
1.01
1.50
0.51
1.01
0.50
1.01
1.01
1.01
0.50
3.02
1.01
1.01
1.01
12.12
3.54
2.53
5.03
1.50
1.01
2.02
0.51
2.01
0.50
1.51
1.01
1.01
0.51
1.50
1.01
2.53
2.01
1.01
0.50
2.02
1.00
0.51
1.01
1.49
10.15
17.59
10.55
5.00
0.51
16.58
2.01
2.53
1.52
1.01
1.50
2.02
0.50
1.01
1.01
5.03
1.01
1.00
2.51
2.02
2.01
2.03
1.01
0.50
1.00
1.01
0.50
1.01
1.01
3.02
1.51
1.51
1.01
2.01
0.50
7.54
1.01
2.50
1.51
1.00
1.51
1.50
0.50
1.01
1.51
2.53
1.01
3.00
1.52
5.05
1.01
1.51
0.51
2.53
1.01
1.01
