1.01
2.54
4.04
2.54
1.52
2.02
1.01
3.03
1.01
1.52
1.01
1.52
1.01
28.00
2.02
5.58
12.00
2.53
1.02
2.02
1.50
2.54
1.51
4.52
3.03
1.52
1.00
2.03
1.01
2.01
1.01
2.01
0.51
3.03
2.00
4.52
1.01
2.50
1.02
2.53
1.01
1.01
1.01
2.03
1.52
2.02
39.00
3.03
1.51
2.51
1.01
4.04
1.01
2.51
1.01
2.01
1.01
2.54
1.51
2.02
3.52
2.53
0.51
2.50
2.02
1.52
1.01
2.53
1.01
2.02
1.01
2.02
1.01
26.77
4.06
3.54
11.11
2.02
1.01
2.53
1.00
4.06
1.01
2.02
2.01
3.03
0.51
2.02
1.01
2.01
1.02
2.01
1.01
1.52
1.01
5.50
0.51
3.03
0.50
2.03
