1.01
1.00
0.50
1.00
1.50
0.50
3.48
0.00
1.49
0.50
1.00
1.00
1.00
1.00
1.01
0.50
1.51
0.50
1.50
1.50
2.51
0.99
1.01
0.50
6.06
1.00
14.57
1.00
1.99
0.50
1.01
1.00
1.00
0.99
1.01
1.00
2.00
1.01
1.00
0.50
1.00
0.99
2.50
0.50
1.00
1.01
14.50
0.50
1.50
0.50
1.00
0.50
1.50
0.50
8.50
1.00
1.50
1.00
1.01
1.00
2.50
0.50
1.00
0.50
1.50
1.00
1.50
0.50
1.50
0.50
1.00
1.00
1.49
0.50
2.50
0.50
1.50
0.50
1.00
0.50
3.00
0.99
1.00
1.00
8.00
0.50
15.00
1.00
0.50
0.50
1.00
1.00
1.00
0.50
1.49
1.00
2.99
1.00
1.00
0.50
