Linux 3.10.0-514.16.1.el7.x86_64 (b10-h11-r620.rdu.openstack.engineering.redhat.com_4.example.com) 	06/13/2017 	_x86_64_	(2 CPU)

02:23:53 AM     CPU      %usr     %nice      %sys   %iowait    %steal      %irq     %soft    %guest    %gnice     %idle
02:23:54 AM     all     50.50      0.00      0.50      0.00      0.00      0.00      0.00      0.00      0.00     49.00
02:23:54 AM       0    100.00      0.00      0.00      0.00      0.00      0.00      0.00      0.00      0.00      0.00
02:23:54 AM       1      0.00      0.00      1.01      0.00      0.00      0.00      0.00      0.00      0.00     98.99
02:23:55 AM     all     50.75      0.00      0.50      0.00      0.00      0.00      0.00      0.00      0.00     48.74
02:23:55 AM       0    100.00      0.00      0.00      0.00      0.00      0.00      0.00      0.00      0.00      0.00
02:23:55 AM       1      2.02      0.00      0.00      0.00      0.00      0.00      0.00      0.00      0.00     97.98
02:23:56 AM     all     50.25      0.00      0.50      0.00      0.00      0.00      0.50      0.00      0.00     48.74
02:23:56 AM       0     99.00      0.00      1.00      0.00      0.00      0.00      0.00      0.00      0.00      0.00
02:23:56 AM       1      1.01      0.00      1.01      0.00      0.00      0.00      0.00      0.00      0.00     97.98
02:23:57 AM     all     52.00      0.00      4.50      0.00      0.00      0.00      0.00      0.00      0.00     43.50
02:23:57 AM       0     99.01      0.00      0.00      0.00      0.00      0.00      0.99      0.00      0.00      0.00
02:23:57 AM       1      4.04      0.00      8.08      0.00      0.00      0.00      0.00      0.00      0.00     87.88
02:23:58 AM     all     50.25      0.00      0.50      0.00      0.00      0.00      0.00      0.00      0.00     49.25
02:23:58 AM       0    100.00      0.00      0.00      0.00      0.00      0.00      0.00      0.00      0.00      0.00
02:23:58 AM       1      1.00      0.00      1.00      0.00      0.00      0.00      0.00      0.00      0.00     98.00
02:23:59 AM     all     51.00      0.00      0.50      0.00      0.00      0.00      0.00      0.00      0.00     48.50
02:23:59 AM       0    100.00      0.00      0.00      0.00      0.00      0.00      0.00      0.00      0.00      0.00
02:23:59 AM       1      1.01      0.00      1.01      0.00      0.00      0.00      0.00      0.00      0.00     97.98
02:24:00 AM     all     50.25      0.00      0.50      0.00      0.00      0.00      0.00      0.00      0.00     49.25
02:24:00 AM       0     99.01      0.00      0.99      0.00      0.00      0.00      0.00      0.00      0.00      0.00
02:24:00 AM       1      1.00      0.00      1.00      0.00      0.00      0.00      0.00      0.00      0.00     98.00
02:24:01 AM     all     51.01      0.00      0.51      0.00      0.00      0.00      0.00      0.00      0.00     48.48
02:24:01 AM       0    100.00      0.00      0.00      0.00      0.00      0.00      0.00      0.00      0.00      0.00
02:24:01 AM       1      2.02      0.00      1.01      0.00      0.00      0.00      0.00      0.00      0.00     96.97
02:24:02 AM     all     50.50      0.00      0.50      0.00      0.00      0.00      0.00      0.00      0.00     49.00
02:24:02 AM       0    100.00      0.00      0.00      0.00      0.00      0.00      0.00      0.00      0.00      0.00
02:24:02 AM       1      0.00      0.00      1.01      0.00      0.00      0.00      0.00      0.00      0.00     98.99
02:24:03 AM     all     50.75      0.00      0.50      0.00      0.00      0.00      0.00      0.00      0.00     48.74
02:24:03 AM       0    100.00      0.00      0.00      0.00      0.00      0.00      0.00      0.00      0.00      0.00
02:24:03 AM       1      2.00      0.00      1.00      0.00      0.00      0.00      0.00      0.00      0.00     97.00
02:24:04 AM     all     50.25      0.00      0.50      0.00      0.00      0.00      0.00      0.00      0.00     49.25
02:24:04 AM       0    100.00      0.00      0.00      0.00      0.00      0.00      0.00      0.00      0.00      0.00
02:24:04 AM       1      0.00      0.00      0.00      0.00      0.00      0.00      0.00      0.00      0.00    100.00
02:24:05 AM     all     51.00      0.00      1.00      0.00      0.00      0.00      0.00      0.00      0.00     48.00
02:24:05 AM       0     99.00      0.00      1.00      0.00      0.00      0.00      0.00      0.00      0.00      0.00
02:24:05 AM       1      3.00      0.00      1.00      0.00      0.00      0.00      0.00      0.00      0.00     96.00
02:24:06 AM     all     52.00      0.00      0.50      0.00      0.00      0.00      0.00      0.00      0.00     47.50
02:24:06 AM       0    100.00      0.00      0.00      0.00      0.00      0.00      0.00      0.00      0.00      0.00
02:24:06 AM       1      3.96      0.00      1.98      0.00      0.00      0.00      0.00      0.00      0.00     94.06
02:24:07 AM     all     50.75      0.00      1.01      0.00      0.00      0.00      0.00      0.00      0.00     48.24
02:24:07 AM       0     99.00      0.00      1.00      0.00      0.00      0.00      0.00      0.00      0.00      0.00
02:24:07 AM       1      1.02      0.00      1.02      0.00      0.00      0.00      0.00      0.00      0.00     97.96
02:24:08 AM     all     50.50      0.00      0.50      0.00      0.00      0.00      0.00      0.00      0.00     49.00
02:24:08 AM       0    100.00      0.00      0.00      0.00      0.00      0.00      0.00      0.00      0.00      0.00
02:24:08 AM       1      1.00      0.00      1.00      0.00      0.00      0.00      0.00      0.00      0.00     98.00
02:24:09 AM     all     50.25      0.00      1.01      0.00      0.00      0.00      0.00      0.00      0.00     48.74
02:24:09 AM       0    100.00      0.00      0.00      0.00      0.00      0.00      0.00      0.00      0.00      0.00
02:24:09 AM       1      2.00      0.00      1.00      0.00      0.00      0.00      0.00      0.00      0.00     97.00
02:24:10 AM     all     50.50      0.00      0.00      0.00      0.00      0.00      0.00      0.00      0.00     49.50
02:24:10 AM       0     67.33      0.00      0.99      0.00      0.00      0.00      0.00      0.00      0.00     31.68
02:24:10 AM       1     32.32      0.00      0.00      0.00      0.00      0.00      0.00      0.00      0.00     67.68
02:24:11 AM     all     50.50      0.00      1.50      0.00      0.00      0.00      0.00      0.00      0.00     48.00
02:24:11 AM       0     78.79      0.00      0.00      0.00      0.00      0.00      0.00      0.00      0.00     21.21
02:24:11 AM       1     23.23      0.00      2.02      0.00      0.00      0.00      0.00      0.00      0.00     74.75
02:24:12 AM     all     50.25      0.00      0.50      0.00      0.00      0.00      0.00      0.00      0.00     49.25
02:24:12 AM       0    100.00      0.00      0.00      0.00      0.00      0.00      0.00      0.00      0.00      0.00
02:24:12 AM       1      1.00      0.00      1.00      0.00      0.00      0.00      0.00      0.00      0.00     98.00
02:24:13 AM     all     50.50      0.00      0.50      0.00      0.00      0.00      0.50      0.00      0.00     48.50
02:24:13 AM       0    100.00      0.00      0.00      0.00      0.00      0.00      0.00      0.00      0.00      0.00
02:24:13 AM       1      1.00      0.00      2.00      0.00      0.00      0.00      0.00      0.00      0.00     97.00
Average:        all     50.69      0.00      0.80      0.00      0.00      0.00      0.05      0.00      0.00     48.46
Average:          0     97.05      0.00      0.25      0.00      0.00      0.00      0.05      0.00      0.00      2.65
Average:          1      4.12      0.00      1.36      0.00      0.00      0.00      0.00      0.00      0.00     94.52

