5.00
1.01
1.51
1.01
3.00
2.01
1.50
1.50
2.01
1.50
2.01
1.01
2.50
3.50
2.51
1.51
2.00
1.01
2.00
1.51
1.50
1.01
2.01
1.00
2.01
16.08
2.02
3.00
2.51
1.50
2.50
3.02
2.00
1.01
2.49
4.55
19.50
10.05
2.51
1.01
2.50
0.51
2.50
1.00
2.01
2.50
2.51
17.50
14.50
1.00
2.00
1.01
2.49
1.00
1.51
15.15
2.50
1.50
2.00
2.00
2.53
1.01
1.50
1.00
2.53
2.00
2.51
1.50
5.47
1.00
2.00
1.50
2.51
1.49
1.52
2.49
2.01
1.50
2.00
1.01
2.01
1.01
2.01
3.52
2.99
13.07
2.51
1.50
3.03
1.51
2.00
1.01
5.03
1.50
1.52
2.00
19.19
10.05
2.50
1.01
