2.51
3.03
3.50
0.50
2.01
1.51
2.01
1.00
2.02
2.51
2.51
1.50
3.02
1.50
5.03
1.51
4.52
0.51
2.53
1.00
2.53
1.01
2.99
1.00
1.52
1.50
17.09
1.01
1.52
1.50
2.51
1.52
2.51
1.52
2.50
0.51
2.00
1.01
31.16
1.50
1.51
1.51
3.02
1.00
2.02
1.00
1.52
27.27
2.51
1.00
1.52
1.52
6.50
1.01
2.02
1.00
14.21
1.01
1.51
1.01
6.03
1.01
2.01
1.51
2.02
1.01
2.51
1.01
1.52
2.01
2.53
1.52
4.52
2.53
2.00
1.51
2.02
1.00
2.01
1.01
2.51
1.01
2.00
1.51
1.52
1.51
14.14
1.00
1.01
1.01
2.02
1.51
1.51
2.54
2.50
3.03
4.02
1.00
27.27
1.01
