2.53
1.01
2.01
1.01
5.03
1.01
2.51
0.51
26.63
1.01
1.52
1.01
7.07
8.00
2.53
0.51
2.51
1.52
2.02
0.51
1.51
0.51
2.02
1.01
5.05
0.50
2.51
1.01
2.02
1.01
4.04
0.51
2.51
1.00
1.52
1.01
5.53
0.51
2.51
1.01
1.02
1.01
6.53
7.07
3.52
1.01
4.52
25.76
2.01
1.01
2.02
0.51
2.02
1.01
2.03
1.01
3.03
1.01
1.01
3.54
2.03
1.00
3.03
0.51
2.00
1.01
3.05
1.01
26.26
1.01
2.01
1.01
10.05
6.57
1.52
1.01
2.53
0.50
4.55
1.01
1.52
1.51
2.01
1.01
2.53
1.01
2.54
0.50
2.02
1.01
2.02
1.50
4.06
1.01
1.52
1.01
3.54
1.01
1.51
1.01
