0.51
1.01
2.51
1.01
2.02
1.01
2.50
1.02
5.50
2.50
1.01
1.50
2.00
1.01
2.53
0.50
2.02
1.51
11.06
8.04
2.02
2.01
2.03
1.00
2.53
1.01
2.50
1.52
1.52
4.50
2.51
0.51
2.01
0.51
3.02
0.51
2.00
1.01
2.02
1.52
2.50
1.02
15.50
1.01
5.03
0.51
15.50
13.13
7.58
6.06
2.00
1.52
5.03
1.49
4.04
1.01
2.02
1.01
2.01
1.52
4.00
1.01
3.00
1.01
1.51
1.01
4.52
1.52
2.50
2.01
1.52
1.01
2.01
1.00
2.53
1.00
2.02
1.51
11.17
6.00
1.52
1.01
3.00
0.51
2.51
0.51
2.99
0.51
5.56
1.52
2.01
1.00
2.51
1.51
1.51
1.01
2.01
1.49
2.01
1.53
