0.51
28.50
1.02
5.50
2.02
1.52
1.52
2.53
1.01
1.51
1.01
2.02
1.01
2.53
1.52
5.05
1.01
2.01
1.50
2.02
3.54
13.71
1.01
6.03
1.52
1.51
1.01
2.02
0.51
2.01
1.01
2.51
1.01
1.51
2.03
4.04
1.01
2.01
1.01
4.02
0.51
2.01
1.01
3.03
1.51
2.02
0.51
27.14
1.01
4.55
1.01
12.63
1.01
2.53
1.00
2.03
1.49
1.52
4.00
1.52
0.50
27.78
1.00
2.53
1.01
2.02
1.01
2.02
0.50
2.01
1.01
2.01
3.03
2.51
0.51
2.51
0.51
2.51
0.50
2.53
1.52
4.52
15.23
2.53
0.51
3.52
0.51
2.51
1.01
1.02
1.01
5.03
0.51
2.02
1.01
2.54
1.01
2.00
0.51
1.52
