5.05
1.51
1.52
1.01
2.51
1.01
1.52
1.50
2.54
1.00
2.02
1.52
1.51
1.01
4.55
1.01
2.02
2.01
2.53
1.52
2.00
1.52
6.03
8.59
1.52
1.52
26.00
1.02
3.02
1.01
1.51
1.52
2.51
1.00
1.52
1.51
1.52
2.01
5.08
1.01
2.01
1.51
1.52
1.00
2.53
2.01
24.75
1.01
5.03
1.51
4.50
1.52
7.54
1.51
2.53
1.00
1.02
1.01
5.53
1.01
2.01
1.51
2.02
1.01
1.51
1.01
2.02
0.51
3.02
1.01
1.01
4.02
2.01
1.01
1.52
1.01
1.51
1.01
3.54
1.52
1.52
1.52
7.50
2.01
1.52
2.01
25.89
1.00
3.03
1.51
1.52
1.51
2.02
1.01
2.01
3.54
1.52
2.00
3.54
1.01
