1.50
1.52
1.00
2.50
2.01
1.51
1.49
4.52
1.50
2.51
3.52
1.51
1.00
2.50
2.00
1.51
0.50
12.56
2.02
5.50
26.63
2.49
1.00
2.01
2.51
2.00
0.50
2.00
1.00
2.53
1.01
2.50
1.50
4.50
2.01
2.01
1.50
2.50
2.53
3.00
1.00
2.01
1.50
2.02
2.51
5.00
26.00
13.13
2.01
2.51
1.01
3.00
0.51
2.01
4.50
2.50
1.51
2.51
1.00
3.02
1.00
2.03
1.00
2.51
1.01
2.01
1.51
4.50
1.01
2.51
1.00
2.50
1.01
2.53
2.00
2.01
0.50
14.65
3.02
2.51
26.50
1.52
1.00
2.50
2.01
1.50
1.01
3.00
0.50
1.01
1.00
5.03
0.50
1.52
2.02
2.49
1.01
2.50
1.51
3.54
