0.50
1.00
1.00
1.01
1.00
1.00
1.01
0.50
1.01
2.50
0.50
1.01
0.50
1.01
1.00
6.53
1.00
3.00
0.50
15.08
0.50
1.01
0.50
2.01
1.00
1.01
1.00
1.51
0.00
1.00
2.00
1.01
0.50
1.01
0.50
1.01
1.00
1.00
0.50
0.50
0.50
1.51
0.00
2.50
1.01
20.60
1.00
1.01
1.00
2.01
0.50
3.02
0.00
1.00
0.50
1.01
1.00
1.01
0.50
1.01
0.50
1.00
0.50
2.50
1.01
1.01
1.01
1.00
0.50
1.01
0.00
1.00
0.00
1.00
0.50
8.54
1.00
1.01
0.50
15.42
0.51
1.00
0.50
1.01
1.50
1.01
2.50
1.51
0.00
1.01
0.50
1.01
1.00
1.01
0.51
1.00
1.00
2.01
0.99
1.51
