1.01
2.00
1.00
2.51
0.50
2.00
19.10
10.05
0.51
2.00
1.52
2.51
3.03
2.50
1.52
2.01
1.52
2.00
1.01
2.50
1.01
2.00
1.01
2.51
1.01
5.05
2.51
12.56
2.02
2.50
1.01
1.51
1.51
4.48
1.51
1.51
2.00
2.03
1.00
2.00
1.01
2.02
1.01
2.00
1.00
2.02
21.72
10.00
0.50
2.49
1.52
2.00
0.50
2.02
1.51
1.51
2.01
13.57
2.51
1.52
2.53
1.99
0.51
2.50
1.52
1.51
19.50
10.05
1.49
1.51
4.02
1.52
1.50
2.02
1.51
1.52
1.01
3.02
1.01
2.00
0.51
2.01
0.50
2.53
3.54
2.50
1.00
12.12
2.54
2.01
1.01
4.57
1.01
1.52
2.01
1.52
1.01
2.51
1.01
2.02
