1.51
14.65
1.01
2.01
1.52
1.50
0.51
26.50
1.01
1.52
1.01
4.04
1.01
2.51
2.01
1.52
2.00
1.52
1.01
1.52
1.01
2.01
1.00
1.52
4.50
1.52
1.01
1.52
1.01
2.02
1.51
10.66
1.01
2.01
4.04
2.51
0.50
2.00
0.51
2.01
1.01
2.02
1.00
1.52
1.51
2.02
25.00
3.50
0.51
2.01
0.50
1.52
0.50
2.01
1.52
2.50
1.01
2.51
1.01
3.03
1.00
14.72
0.50
1.51
2.02
2.01
0.50
28.64
0.50
2.02
1.01
2.01
1.01
1.50
2.03
1.51
2.02
3.02
0.51
2.02
1.00
5.03
1.01
1.52
2.01
2.53
1.01
1.52
1.01
2.03
2.00
14.72
0.51
1.50
1.01
2.53
1.01
2.02
1.00
1.52
