0.00
1.51
2.00
1.01
1.00
1.01
0.50
1.01
0.50
1.01
0.50
2.00
0.50
1.50
0.51
3.47
0.00
1.00
0.50
1.01
0.50
1.01
1.00
1.00
6.50
3.00
13.50
1.50
0.00
1.00
0.50
1.51
1.00
1.00
0.50
1.01
0.50
2.50
0.50
1.00
0.50
2.00
0.50
1.00
0.50
1.01
13.57
1.00
0.50
0.50
0.50
3.52
0.00
1.51
5.56
2.01
0.50
2.50
0.50
0.51
0.50
1.50
0.50
1.00
0.50
1.50
0.50
1.01
0.50
1.01
0.50
3.02
0.50
0.51
0.99
2.50
0.50
0.50
0.50
1.01
0.51
2.00
2.00
1.00
6.03
1.01
13.50
1.51
0.50
1.00
0.50
3.50
0.50
0.51
0.50
1.51
0.50
1.01
0.50
1.01
