2.01
1.01
1.52
1.00
3.05
1.50
4.06
1.01
1.52
1.01
8.08
6.03
3.03
1.01
3.50
0.51
3.52
26.13
2.02
0.51
2.51
1.51
1.51
1.02
2.01
2.51
3.03
1.00
2.01
1.01
2.50
1.01
5.05
1.50
1.52
2.00
1.52
0.51
2.50
1.01
10.61
6.53
2.01
1.01
1.52
1.51
27.50
1.01
1.51
1.01
2.01
1.02
1.50
1.01
5.05
2.01
1.52
1.00
2.02
1.00
2.01
1.01
1.51
1.01
2.01
1.52
1.52
1.50
5.00
0.50
8.04
6.06
1.52
1.01
2.02
2.00
2.02
27.00
5.03
1.01
1.51
1.01
2.02
1.01
2.01
1.51
3.54
1.52
1.50
1.52
2.01
1.51
1.52
1.00
4.02
2.02
2.01
3.02
1.52
1.01
