2.02
1.01
1.51
1.52
4.52
2.02
1.01
1.01
2.51
1.00
1.02
1.00
1.52
1.51
1.52
1.51
2.02
1.01
4.55
1.01
12.56
1.52
2.02
1.51
27.78
1.51
5.03
1.01
2.01
1.52
3.03
1.01
1.52
1.01
2.01
3.54
1.52
1.51
2.51
1.01
4.02
1.01
2.02
1.01
1.52
1.51
27.14
1.50
1.52
1.51
15.66
1.50
2.02
1.02
3.00
2.02
1.01
1.01
2.02
1.51
2.01
2.53
4.55
1.01
2.03
1.52
2.01
0.51
2.02
1.01
2.00
0.51
2.51
1.52
1.50
4.04
2.03
1.01
1.52
0.51
12.63
1.52
1.01
1.52
28.14
4.04
2.49
0.51
1.52
1.02
3.02
1.01
2.02
1.52
1.51
2.02
3.52
1.01
1.51
1.02
