1.01
2.53
1.51
1.52
1.01
2.53
1.01
12.63
6.00
1.52
1.50
4.04
2.53
1.52
3.52
2.02
1.51
2.51
1.01
1.52
1.01
1.52
2.49
2.51
1.01
1.51
1.01
2.51
4.02
2.53
1.50
2.51
2.02
2.02
1.01
2.01
1.51
9.64
7.54
1.02
1.01
2.02
2.02
2.01
0.50
2.50
1.01
28.64
1.01
2.01
26.13
2.01
4.55
2.50
0.51
1.52
1.01
3.02
0.50
2.50
0.51
2.01
1.51
2.01
3.54
1.51
1.01
9.09
6.53
2.51
0.51
2.00
6.57
2.53
1.00
1.52
1.01
2.53
1.01
2.01
1.01
3.54
2.01
2.51
3.54
1.01
1.01
2.54
1.01
1.52
1.01
2.02
2.01
2.50
1.01
1.51
2.01
11.11
5.03
1.52
