5.05
2.01
2.51
1.01
1.51
1.01
2.51
1.01
2.02
1.01
2.01
4.04
4.04
0.51
2.50
1.02
2.02
1.00
2.02
1.01
2.03
1.52
2.51
1.01
2.02
1.01
4.52
1.01
11.22
1.01
2.53
1.01
2.51
1.01
2.02
1.02
4.00
1.01
2.02
1.01
4.00
24.62
3.54
0.50
1.02
1.50
4.55
24.62
2.02
3.52
2.00
0.51
3.02
1.51
1.00
1.51
1.01
0.50
14.65
1.01
2.51
1.02
2.53
1.51
2.02
1.01
2.01
1.01
2.02
0.51
4.52
1.51
5.00
1.01
1.52
1.01
2.02
1.01
2.51
0.50
3.02
1.01
5.03
1.01
2.01
1.01
2.53
1.51
12.63
1.00
2.02
1.52
5.50
1.01
2.01
1.01
1.52
1.50
2.53
1.50
