2.01
1.01
2.02
1.01
5.03
1.01
2.51
11.62
2.54
1.51
4.04
1.01
2.02
1.01
2.02
1.01
3.05
1.01
2.51
1.01
2.02
1.51
1.51
3.54
2.02
1.51
2.02
1.01
2.01
1.01
2.03
0.50
2.01
1.01
2.02
1.01
1.52
14.00
3.03
1.51
2.02
1.01
1.50
1.01
3.55
3.50
26.63
0.51
2.50
1.02
2.01
1.01
26.63
1.52
1.52
1.01
2.51
0.51
5.00
1.02
2.50
0.50
1.52
1.01
2.02
1.01
2.02
14.07
3.03
1.51
1.52
1.01
2.02
1.01
3.00
0.51
2.53
1.50
5.53
1.01
4.02
1.01
2.51
1.01
2.53
0.51
2.51
1.01
2.02
1.01
2.51
1.01
5.00
1.01
1.52
1.01
2.53
12.12
2.03
1.01
