3.52
2.51
1.01
2.02
1.51
8.59
21.00
1.51
1.01
2.02
1.50
5.50
1.01
2.51
1.50
1.52
1.00
2.01
1.01
1.52
1.52
2.50
1.50
1.52
1.50
11.17
7.50
1.52
1.49
2.51
2.02
4.52
1.52
4.02
1.01
1.52
0.50
2.01
1.52
1.52
2.01
2.50
1.01
2.02
1.50
4.57
8.00
22.11
1.01
1.51
2.02
2.00
2.02
2.53
1.01
9.14
6.53
2.01
1.01
1.50
1.52
2.02
1.01
2.02
1.50
9.60
20.60
2.01
1.51
4.55
2.01
2.01
1.01
5.03
1.52
2.51
1.00
1.52
1.50
2.02
2.49
5.03
1.01
2.02
1.50
8.59
6.57
2.01
1.01
4.55
2.50
1.51
1.51
2.51
3.00
1.51
1.01
2.50
1.01
2.51
