1.51
2.50
2.02
11.56
7.58
2.02
1.50
2.01
1.52
2.51
0.51
2.51
1.52
1.51
2.51
2.02
1.00
2.02
27.27
5.03
1.52
1.50
1.52
2.53
2.01
2.02
1.00
1.51
0.51
2.01
1.52
1.52
1.52
15.74
3.50
3.02
0.50
1.51
2.03
3.03
1.50
7.07
1.52
2.01
1.52
2.53
27.14
2.02
1.01
3.52
1.52
1.51
1.52
2.53
4.52
2.02
1.01
2.02
1.01
2.01
2.01
2.03
1.01
11.62
6.06
2.53
1.01
2.51
0.50
1.52
1.01
2.01
1.01
2.01
2.02
2.01
1.01
5.05
27.64
2.51
1.01
2.00
1.01
2.51
2.51
1.52
1.01
2.53
0.50
2.01
1.01
4.52
1.51
12.18
3.03
2.01
1.01
4.55
1.01
4.52
