2.50
0.50
0.51
1.00
1.49
13.13
1.00
0.50
1.00
0.50
1.00
0.50
0.50
2.01
1.00
0.50
1.00
0.50
1.00
0.50
1.51
0.50
1.00
0.51
2.51
5.50
1.01
1.00
0.51
0.50
1.00
0.50
1.00
2.02
1.49
0.50
0.51
0.50
1.01
0.00
1.00
0.50
1.00
0.51
1.00
0.50
0.50
14.50
1.01
0.50
1.00
0.50
2.01
1.00
1.00
5.03
2.51
0.50
1.01
0.00
2.01
0.50
1.00
1.01
1.00
13.07
1.50
0.51
0.50
0.50
1.52
0.50
0.51
1.00
1.01
0.50
1.00
0.50
1.50
0.00
1.01
1.00
1.01
2.00
1.00
6.03
1.01
1.01
1.00
0.50
2.50
0.00
1.01
0.50
1.01
0.50
1.50
0.50
0.50
0.50
