1.01
5.05
1.01
2.01
1.02
1.52
1.52
2.02
1.01
2.54
1.01
14.65
1.52
2.01
1.01
9.55
20.71
2.02
1.01
4.02
2.02
2.51
0.51
8.08
1.52
1.51
1.02
3.00
1.01
2.02
1.51
2.02
1.01
2.03
1.01
2.01
1.02
5.56
1.01
2.53
1.01
13.07
1.52
5.05
1.51
1.51
8.63
20.60
1.51
2.53
0.50
2.53
1.01
2.01
1.52
2.02
1.01
1.52
4.00
3.54
0.51
2.50
0.51
2.01
1.02
2.51
1.01
1.52
1.01
3.05
1.01
14.14
2.02
3.02
1.01
9.55
19.80
3.02
1.01
5.53
3.05
2.01
1.52
2.02
1.01
2.02
1.01
2.51
1.51
2.03
1.01
2.53
1.01
6.03
1.01
1.52
1.01
2.03
1.01
2.03
