Linux 3.10.0-514.16.1.el7.x86_64 (b09-h18-r620.rdu.openstack.engineering.redhat.com_1.example.com) 	06/13/2017 	_x86_64_	(2 CPU)

02:20:38 AM     CPU      %usr     %nice      %sys   %iowait    %steal      %irq     %soft    %guest    %gnice     %idle
02:20:39 AM     all     50.75      0.00      0.50      0.00      0.00      0.00      0.00      0.00      0.00     48.74
02:20:39 AM       0    100.00      0.00      0.00      0.00      0.00      0.00      0.00      0.00      0.00      0.00
02:20:39 AM       1      1.01      0.00      1.01      0.00      0.00      0.00      0.00      0.00      0.00     97.98
02:20:40 AM     all     50.25      0.00      0.50      0.00      0.00      0.00      0.00      0.00      0.00     49.25
02:20:40 AM       0    100.00      0.00      0.00      0.00      0.00      0.00      0.00      0.00      0.00      0.00
02:20:40 AM       1      1.00      0.00      1.00      0.00      0.00      0.00      0.00      0.00      0.00     98.00
02:20:41 AM     all     50.75      0.00      0.50      0.00      0.00      0.00      0.00      0.00      0.00     48.74
02:20:41 AM       0     99.01      0.00      0.99      0.00      0.00      0.00      0.00      0.00      0.00      0.00
02:20:41 AM       1      1.01      0.00      1.01      0.00      0.00      0.00      0.00      0.00      0.00     97.98
02:20:42 AM     all     50.25      0.00      0.50      0.00      0.00      0.00      0.00      0.00      0.00     49.25
02:20:42 AM       0    100.00      0.00      0.00      0.00      0.00      0.00      0.00      0.00      0.00      0.00
02:20:42 AM       1      1.00      0.00      0.00      0.00      0.00      0.00      0.00      0.00      0.00     99.00
02:20:43 AM     all     51.00      0.00      0.00      0.00      0.00      0.00      0.00      0.00      0.00     49.00
02:20:43 AM       0    100.00      0.00      0.00      0.00      0.00      0.00      0.00      0.00      0.00      0.00
02:20:43 AM       1      1.01      0.00      1.01      0.00      0.00      0.00      0.00      0.00      0.00     97.98
02:20:44 AM     all     50.25      0.00      0.50      0.00      0.00      0.00      0.00      0.00      0.00     49.25
02:20:44 AM       0     57.58      0.00      0.00      0.00      0.00      0.00      0.00      0.00      0.00     42.42
02:20:44 AM       1     42.57      0.00      0.99      0.00      0.00      0.00      0.00      0.00      0.00     56.44
02:20:45 AM     all     50.00      0.00      1.00      0.00      0.00      0.00      0.00      0.00      0.00     49.00
02:20:45 AM       0      1.00      0.00      1.00      0.00      0.00      0.00      0.00      0.00      0.00     98.00
02:20:45 AM       1    100.00      0.00      0.00      0.00      0.00      0.00      0.00      0.00      0.00      0.00
02:20:46 AM     all     50.25      0.00      0.00      0.00      0.00      0.00      0.00      0.00      0.00     49.75
02:20:46 AM       0      2.00      0.00      0.00      0.00      0.00      0.00      0.00      0.00      0.00     98.00
02:20:46 AM       1     99.00      0.00      1.00      0.00      0.00      0.00      0.00      0.00      0.00      0.00
02:20:47 AM     all     50.75      0.00      1.01      0.00      0.00      0.00      0.00      0.00      0.00     48.24
02:20:47 AM       0     93.94      0.00      0.00      0.00      0.00      0.00      0.00      0.00      0.00      6.06
02:20:47 AM       1      7.07      0.00      1.01      0.00      0.00      0.00      0.00      0.00      0.00     91.92
02:20:48 AM     all     50.00      0.00      0.50      0.00      0.00      0.00      0.00      0.00      0.00     49.50
02:20:48 AM       0     81.19      0.00      0.99      0.00      0.00      0.00      0.00      0.00      0.00     17.82
02:20:48 AM       1     18.81      0.00      0.99      0.00      0.00      0.00      0.00      0.00      0.00     80.20
02:20:49 AM     all     50.75      0.00      0.50      0.00      0.00      0.00      0.00      0.00      0.00     48.74
02:20:49 AM       0    100.00      0.00      0.00      0.00      0.00      0.00      0.00      0.00      0.00      0.00
02:20:49 AM       1      1.01      0.00      1.01      0.00      0.00      0.00      0.00      0.00      0.00     97.98
02:20:50 AM     all     50.50      0.00      0.50      0.00      0.00      0.00      0.00      0.00      0.00     49.00
02:20:50 AM       0    100.00      0.00      0.00      0.00      0.00      0.00      0.00      0.00      0.00      0.00
02:20:50 AM       1      1.01      0.00      0.00      0.00      0.00      0.00      0.00      0.00      0.00     98.99
02:20:51 AM     all     51.76      0.00      0.50      0.00      0.00      0.00      0.00      0.00      0.00     47.74
02:20:51 AM       0    100.00      0.00      0.00      0.00      0.00      0.00      0.00      0.00      0.00      0.00
02:20:51 AM       1      3.03      0.00      1.01      0.00      0.00      0.00      0.00      0.00      0.00     95.96
02:20:52 AM     all     50.50      0.00      0.50      0.00      0.00      0.00      0.00      0.00      0.00     49.00
02:20:52 AM       0     99.01      0.00      0.99      0.00      0.00      0.00      0.00      0.00      0.00      0.00
02:20:52 AM       1      2.00      0.00      1.00      0.00      0.00      0.00      0.00      0.00      0.00     97.00
02:20:53 AM     all     50.75      0.00      0.50      0.00      0.00      0.00      0.00      0.00      0.00     48.74
02:20:53 AM       0    100.00      0.00      0.00      0.00      0.00      0.00      0.00      0.00      0.00      0.00
02:20:53 AM       1      1.01      0.00      0.00      0.00      0.00      0.00      0.00      0.00      0.00     98.99
02:20:54 AM     all     50.75      0.00      0.00      0.00      0.00      0.00      0.00      0.00      0.00     49.25
02:20:54 AM       0    100.00      0.00      0.00      0.00      0.00      0.00      0.00      0.00      0.00      0.00
02:20:54 AM       1      1.00      0.00      1.00      0.00      0.00      0.00      0.00      0.00      0.00     98.00
02:20:55 AM     all     50.50      0.00      0.50      0.00      0.00      0.00      0.00      0.00      0.00     49.00
02:20:55 AM       0    100.00      0.00      0.00      0.00      0.00      0.00      0.00      0.00      0.00      0.00
02:20:55 AM       1      1.01      0.00      1.01      0.00      0.00      0.00      0.00      0.00      0.00     97.98
02:20:56 AM     all     50.50      0.00      0.50      0.00      0.00      0.00      0.00      0.00      0.00     49.00
02:20:56 AM       0    100.00      0.00      0.00      0.00      0.00      0.00      0.00      0.00      0.00      0.00
02:20:56 AM       1      1.01      0.00      0.00      0.00      0.00      0.00      0.00      0.00      0.00     98.99
02:20:57 AM     all     51.00      0.00      4.00      0.00      0.00      0.00      0.50      0.00      0.00     44.50
02:20:57 AM       0    100.00      0.00      0.00      0.00      0.00      0.00      0.00      0.00      0.00      0.00
02:20:57 AM       1      2.00      0.00      8.00      0.00      0.00      0.00      1.00      0.00      0.00     89.00
02:20:58 AM     all     50.25      0.00      0.50      0.00      0.00      0.00      0.00      0.00      0.00     49.25
02:20:58 AM       0     99.01      0.00      0.99      0.00      0.00      0.00      0.00      0.00      0.00      0.00
02:20:58 AM       1      0.99      0.00      0.99      0.00      0.00      0.00      0.00      0.00      0.00     98.02
Average:        all     50.58      0.00      0.65      0.00      0.00      0.00      0.03      0.00      0.00     48.75
Average:          0     86.64      0.00      0.25      0.00      0.00      0.00      0.00      0.00      0.00     13.11
Average:          1     14.36      0.00      1.10      0.00      0.00      0.00      0.05      0.00      0.00     84.49

