1.01
1.00
0.50
1.00
0.50
1.01
0.50
1.50
1.00
1.00
0.50
2.51
1.49
1.00
0.50
1.01
6.00
1.51
1.50
1.00
16.67
1.49
1.00
1.01
1.00
1.50
0.50
1.00
0.50
1.49
0.50
1.00
0.50
2.99
0.50
1.49
0.50
1.01
1.00
1.50
0.50
1.00
0.50
1.99
0.50
3.52
20.00
1.00
1.49
1.01
1.00
2.00
0.50
3.00
0.50
1.49
0.50
1.51
1.00
1.00
0.50
1.50
1.00
2.51
0.50
1.00
0.50
2.99
1.50
1.00
0.51
1.49
0.50
1.50
0.50
1.51
8.04
1.00
1.49
1.01
14.93
1.01
1.00
1.49
0.50
1.00
0.50
1.50
2.51
1.00
0.00
1.00
1.00
1.00
0.50
1.50
0.50
1.52
1.00
1.01
