1.01
2.50
1.01
2.51
1.02
2.50
11.11
3.02
1.00
6.06
1.01
1.51
1.49
16.16
12.06
2.01
1.01
2.01
1.00
3.52
1.01
2.01
3.54
3.52
1.01
2.01
1.01
2.50
1.51
3.54
1.01
1.52
1.50
2.53
1.01
6.57
10.05
4.06
0.51
3.50
1.52
2.01
1.51
5.03
1.01
1.99
15.15
13.57
1.01
3.03
1.50
2.01
1.01
2.51
1.50
2.51
1.51
4.52
0.51
4.00
0.50
1.51
1.01
2.01
1.51
2.51
10.55
5.53
1.00
5.03
1.01
2.51
1.01
17.09
12.06
1.51
1.01
2.50
1.01
5.50
1.52
2.01
1.51
3.00
3.02
1.51
1.01
2.02
1.51
3.02
1.01
2.50
1.01
5.03
1.49
2.02
11.11
4.55
1.00
2.53
