1.01
5.53
1.51
2.01
0.51
3.00
1.51
2.02
1.01
2.00
1.01
2.51
1.51
5.03
1.01
2.51
1.01
2.01
2.01
2.02
1.00
12.12
4.52
1.52
1.01
20.00
8.04
2.51
1.01
1.52
1.01
3.02
1.52
2.01
1.01
1.52
1.01
5.03
1.01
1.51
1.01
2.02
2.53
1.51
1.00
2.54
19.50
5.03
1.01
2.50
1.01
14.72
2.01
2.51
0.50
2.51
1.01
3.03
1.51
4.55
1.01
2.02
1.51
2.50
1.52
2.51
1.01
2.01
1.01
4.50
0.51
2.50
4.52
1.52
1.01
2.53
1.51
1.51
2.02
2.00
1.01
11.62
1.99
5.05
1.01
20.50
8.08
2.02
1.01
2.02
1.01
2.03
1.00
3.02
1.01
4.52
1.01
2.01
1.01
2.03
