1.01
2.01
1.01
3.50
2.01
1.52
1.50
2.54
1.01
2.53
1.01
6.09
12.63
3.52
1.51
2.51
1.00
6.06
1.01
2.01
1.01
2.51
1.02
3.52
1.02
2.01
1.01
2.53
1.51
2.00
1.52
5.03
1.52
2.51
5.50
25.76
1.01
3.02
1.01
2.01
1.01
2.02
16.24
2.01
1.52
2.01
5.53
26.63
1.01
2.01
1.01
2.01
1.01
2.02
2.01
4.52
1.51
2.03
1.50
2.53
1.01
1.51
1.01
2.01
2.01
2.51
1.01
4.55
1.01
5.03
1.01
1.52
14.14
3.00
2.53
5.03
2.02
2.51
1.01
2.02
1.51
2.50
1.01
2.01
1.51
2.51
1.01
3.02
4.04
2.00
1.02
2.50
1.01
1.52
5.53
25.76
1.00
3.03
1.50
1.52
