1.02
2.02
1.01
2.54
4.00
2.02
0.51
2.54
0.50
2.01
1.02
2.02
1.01
2.53
1.01
2.02
1.52
5.00
1.01
1.52
1.52
2.00
0.51
3.02
0.51
3.02
1.01
14.29
2.53
2.00
1.02
2.00
1.01
2.02
1.01
3.03
1.01
3.03
1.01
22.22
7.58
5.03
1.01
1.52
1.01
3.03
20.10
5.03
1.50
2.02
1.01
2.02
1.50
2.01
2.03
5.56
1.01
13.13
2.01
1.52
2.00
4.06
2.02
5.03
1.01
2.02
1.01
2.01
1.01
2.03
1.50
1.52
1.01
2.50
1.01
4.52
1.01
2.51
1.51
2.54
2.02
2.02
1.50
2.54
1.01
3.54
1.50
15.23
2.01
2.02
1.51
2.53
1.01
3.02
1.01
2.53
1.00
5.03
1.51
22.11
