1.01
2.51
13.13
1.01
2.51
2.01
0.51
2.02
1.51
13.13
16.08
4.55
1.01
2.01
2.01
2.00
1.01
2.03
2.01
1.52
1.01
2.02
0.50
2.01
5.03
1.01
1.01
1.52
1.51
2.02
1.01
2.53
14.14
2.02
2.00
2.03
1.00
2.02
1.52
2.02
2.02
2.51
1.01
1.52
4.50
2.02
12.12
16.58
1.50
2.02
1.51
1.51
1.01
2.01
1.51
1.52
1.01
2.02
5.05
1.50
1.01
2.51
10.61
1.01
1.52
2.01
1.50
4.57
4.02
12.63
15.50
2.03
1.50
1.52
0.51
3.50
1.01
2.01
1.02
2.01
1.51
4.55
1.01
2.01
1.01
2.51
1.01
2.01
1.51
1.51
1.01
3.02
14.29
1.51
1.50
3.57
1.50
1.52
1.52
2.54
