2.53
1.50
16.24
0.51
3.00
1.01
2.51
13.07
15.08
1.51
2.53
1.50
2.51
0.51
2.53
1.51
5.05
1.01
2.50
1.01
2.00
1.01
3.50
1.01
1.52
1.01
2.01
1.00
2.02
1.00
5.53
1.52
13.57
1.01
2.53
1.51
1.50
1.01
4.52
1.51
2.51
1.01
3.02
1.51
3.52
1.01
14.14
14.57
2.51
2.53
2.01
1.50
5.56
1.01
2.01
1.01
4.02
1.52
2.50
0.51
2.01
1.01
17.17
1.01
2.50
1.02
1.50
13.57
15.58
1.01
2.53
1.00
2.53
1.00
6.06
1.50
2.53
0.50
3.54
1.51
1.51
1.01
3.02
1.00
2.53
1.01
2.00
1.01
5.03
1.50
1.52
2.02
12.12
1.00
2.53
5.03
2.01
1.50
2.03
1.01
