1.50
2.51
1.00
2.00
1.00
2.02
2.49
4.02
2.01
2.00
1.50
2.01
1.51
1.50
1.51
3.00
2.50
16.16
1.49
2.01
1.01
1.51
1.50
2.50
1.00
5.03
1.00
2.51
1.00
7.54
1.49
2.00
1.51
2.99
0.50
3.02
1.51
2.53
1.00
2.50
1.00
4.52
1.52
2.00
1.50
2.51
10.55
26.00
1.01
2.50
4.02
1.50
1.50
2.01
1.01
2.49
10.05
18.50
1.01
1.51
1.49
3.02
1.51
1.51
3.50
3.00
1.00
3.02
1.50
2.51
1.00
2.01
1.51
2.00
1.00
2.02
4.50
13.64
1.00
2.51
1.99
1.51
1.51
2.00
3.02
2.51
1.50
2.51
1.00
2.51
2.50
2.51
1.01
3.03
1.49
1.51
1.51
5.50
1.01
1.99
