0.50
0.50
0.50
13.57
0.99
1.01
0.50
1.00
0.50
2.51
1.00
0.50
0.50
2.00
0.50
1.00
0.50
1.01
0.50
1.00
0.50
1.01
1.50
1.01
6.06
1.49
0.00
2.01
1.01
1.00
0.50
1.50
0.50
1.01
0.50
1.01
0.50
1.01
0.50
1.01
0.50
2.01
0.50
1.00
0.50
1.51
0.50
13.57
1.00
0.50
0.50
1.00
0.50
1.01
6.57
1.00
0.50
1.01
1.00
0.51
0.50
1.00
0.00
15.08
0.50
1.51
0.00
1.01
0.50
1.50
0.50
0.50
0.50
1.00
0.00
2.51
0.50
0.50
0.51
1.01
1.00
0.50
0.50
1.00
7.04
1.01
0.50
1.01
0.50
1.00
0.50
1.01
1.00
0.51
0.50
3.52
0.00
1.01
0.50
1.00
