2.53
9.60
1.51
1.00
2.03
1.52
1.52
0.50
2.51
0.51
2.50
1.02
1.52
1.51
2.50
4.06
2.01
0.51
2.00
1.02
2.00
1.52
2.02
1.01
1.52
1.51
2.02
1.01
5.00
2.54
2.01
13.13
1.52
1.01
2.02
1.00
1.52
0.51
5.05
1.01
2.51
1.51
1.52
1.01
28.64
1.02
2.01
27.14
1.52
1.01
2.01
4.52
1.52
1.01
2.01
1.01
4.55
0.51
2.50
1.02
2.01
16.16
2.01
1.02
2.51
1.01
2.51
1.51
2.04
1.01
1.51
2.53
1.00
1.00
2.03
1.50
1.01
1.01
2.02
1.01
2.02
2.00
1.52
1.50
5.05
1.01
3.52
1.01
1.51
1.52
4.02
13.20
5.03
0.00
1.49
1.01
2.53
1.01
1.52
1.01
