2.00
1.00
11.62
2.51
1.52
1.50
1.51
1.01
5.53
1.00
1.51
26.13
2.50
1.00
3.52
1.52
2.51
1.49
2.53
3.98
3.52
1.01
1.51
1.00
2.01
1.51
2.01
1.01
3.50
1.01
1.51
1.00
13.64
4.02
1.51
1.52
2.50
1.50
5.00
1.50
4.52
0.51
2.50
1.00
2.02
1.50
27.14
1.52
2.99
0.51
2.02
2.51
2.01
1.00
4.52
1.51
1.52
1.00
2.53
1.01
2.00
1.01
10.66
2.50
5.03
1.51
2.53
1.51
2.50
1.01
2.51
27.14
3.02
0.50
2.51
3.03
2.01
1.01
5.50
1.01
3.00
1.01
2.53
1.51
1.52
1.51
1.01
1.01
5.53
1.01
2.01
1.02
12.63
1.52
2.51
1.52
4.52
1.00
3.54
1.01
