1.01
1.01
2.00
1.51
0.51
1.49
0.50
1.01
0.00
1.51
1.01
0.51
0.50
1.01
1.00
2.02
0.50
1.50
0.50
0.50
1.01
1.01
0.50
1.01
0.50
8.59
0.50
14.07
1.01
1.01
0.50
1.01
0.50
1.01
1.00
1.01
0.50
0.50
0.50
2.51
1.50
1.00
0.50
1.01
1.01
1.01
14.14
1.01
0.50
1.00
1.00
2.53
0.50
1.00
0.50
7.07
0.50
1.01
0.50
3.54
1.50
1.01
0.00
1.50
0.51
1.00
0.51
1.01
0.50
1.01
4.02
1.01
0.50
1.51
0.50
1.01
0.50
1.01
0.50
1.51
0.51
1.49
0.50
1.01
2.00
7.07
0.51
15.50
0.50
0.51
1.00
1.01
0.50
2.99
0.50
1.51
0.50
0.51
0.50
1.01
