1.01
11.11
6.53
3.03
1.51
2.53
0.51
1.50
2.01
2.53
1.01
2.51
1.52
4.55
1.00
2.01
0.51
2.51
1.50
2.02
1.51
1.50
1.51
2.02
1.01
2.51
1.01
4.04
0.50
5.05
0.50
9.55
4.04
2.02
1.01
5.03
0.51
2.50
1.01
2.51
1.01
2.01
1.52
3.50
0.51
28.14
26.00
1.51
0.50
6.06
1.50
2.02
1.01
2.02
1.01
2.02
1.00
2.02
1.01
2.51
1.01
11.56
5.53
2.51
2.53
2.50
0.51
2.02
1.01
6.00
1.01
1.00
0.50
1.49
1.01
2.02
0.50
2.01
1.01
3.02
1.00
2.51
1.52
5.05
0.50
1.52
1.01
2.02
3.02
4.00
1.02
9.50
4.55
2.00
0.50
2.01
1.01
2.03
1.49
2.55
