0.51
1.51
1.01
1.52
1.01
1.51
1.01
2.54
1.51
5.05
0.51
1.51
0.51
2.03
1.01
1.52
1.01
2.53
8.54
8.12
6.53
20.71
1.01
3.54
1.01
1.01
1.52
2.51
1.52
2.53
1.01
1.52
1.01
2.54
3.03
1.51
1.52
2.02
1.52
1.50
1.01
1.52
0.51
2.02
1.01
8.08
20.40
6.06
8.63
6.53
0.51
1.52
1.01
1.52
1.01
2.02
0.51
2.01
4.02
2.02
1.01
2.00
0.50
2.01
1.01
1.52
1.01
2.51
1.01
1.51
1.00
2.02
3.03
1.50
1.01
2.02
1.00
2.53
8.04
5.05
7.54
24.12
1.01
3.52
2.51
1.01
1.51
1.52
1.51
1.00
1.01
2.03
1.01
3.02
1.01
2.01
1.00
5.08
2.01
1.52
