1.99
0.51
2.53
1.00
3.00
0.51
2.50
1.52
3.00
1.01
5.03
2.01
3.02
11.50
2.54
1.51
29.00
1.01
2.53
4.52
1.52
1.50
2.51
1.01
1.52
1.00
1.01
1.50
2.51
1.51
2.51
1.01
4.57
1.01
2.50
1.00
1.52
1.52
2.51
2.00
2.02
1.00
4.52
1.51
16.08
1.50
29.15
1.51
3.54
1.52
2.50
1.01
2.50
1.01
4.55
1.00
2.01
1.52
2.01
2.51
2.53
1.00
2.02
1.50
2.01
1.00
2.51
1.51
5.00
2.00
2.01
2.01
2.01
11.17
1.51
1.50
29.29
4.00
1.52
2.01
2.01
1.00
2.02
1.00
2.51
1.00
2.02
1.50
1.52
2.51
5.53
1.50
2.02
0.50
3.02
1.01
1.51
1.99
2.02
2.02
