24.00
5.05
1.00
2.54
1.00
1.01
1.01
1.51
1.50
2.02
3.55
3.00
0.50
1.50
0.50
1.51
1.51
2.53
3.50
17.09
1.51
0.51
0.50
1.99
1.01
1.52
1.01
1.00
1.01
2.51
1.01
5.47
0.51
1.01
1.01
2.00
2.53
3.02
0.50
2.01
1.51
2.01
1.01
3.00
1.01
2.51
24.62
3.50
1.01
7.58
1.00
1.02
1.00
5.53
1.01
2.02
1.51
1.51
0.50
1.51
23.00
5.03
1.01
2.51
1.01
2.51
4.50
1.52
1.01
1.01
0.50
1.01
1.01
3.00
1.01
2.50
1.52
2.01
1.00
10.15
1.01
2.02
1.49
3.02
1.01
2.53
1.50
6.00
0.51
1.50
0.50
1.50
1.01
2.02
0.00
1.00
2.01
5.05
1.51
2.51
