1.01
3.03
1.01
3.02
1.52
2.00
1.50
4.04
1.01
3.52
1.51
5.10
1.51
2.01
1.01
3.02
1.01
2.51
1.02
2.51
1.51
2.03
1.01
2.01
1.52
14.57
2.53
2.02
1.01
3.45
1.02
2.01
1.01
3.02
4.02
4.55
1.51
2.02
1.01
29.65
1.01
1.51
1.01
2.53
1.51
1.52
27.64
2.03
4.00
3.03
1.50
2.53
1.01
3.00
1.01
15.74
2.53
2.01
1.01
3.54
1.52
3.02
2.02
3.52
1.01
2.02
1.00
2.51
1.51
5.05
1.01
2.51
1.49
2.03
1.01
2.53
1.49
2.02
1.01
4.02
1.01
2.02
4.02
3.52
1.01
12.12
2.53
2.02
1.01
3.02
2.02
5.05
1.49
2.53
0.51
2.51
1.01
2.00
1.01
31.31
