2.53
1.50
2.02
1.00
1.51
1.51
2.51
1.00
2.51
5.03
2.02
1.51
13.07
1.01
2.00
1.51
5.56
1.00
2.01
2.51
2.02
1.50
1.51
1.01
2.01
2.50
2.01
1.01
3.02
5.03
2.00
1.51
3.54
1.51
4.52
1.52
2.00
1.01
2.01
2.01
2.53
1.00
16.58
1.52
3.02
1.51
12.56
18.09
1.51
2.00
2.01
4.02
2.51
11.00
18.59
1.50
2.02
1.50
2.51
2.01
2.01
1.01
2.01
2.00
5.50
1.51
2.51
1.50
1.52
1.51
2.51
1.00
15.58
2.50
2.53
2.00
2.01
1.51
3.02
1.51
2.00
1.01
2.02
1.00
1.99
1.51
5.56
1.00
2.00
1.52
2.50
1.01
2.51
2.51
2.50
1.51
2.01
1.01
2.50
5.50
