0.51
2.53
1.00
2.01
1.01
2.53
4.02
2.01
1.01
2.51
1.01
2.01
1.52
2.03
1.01
2.01
1.01
2.51
1.51
4.04
10.05
2.54
2.01
18.69
8.04
1.01
1.01
2.51
5.05
2.02
0.51
1.52
2.02
2.01
1.51
2.03
1.01
3.02
0.51
1.51
1.01
1.51
5.03
1.01
1.01
2.03
18.09
8.59
1.01
3.52
9.64
5.53
1.52
1.51
1.01
3.03
2.02
1.52
1.01
1.52
1.01
2.03
1.50
4.55
1.01
1.52
1.52
2.53
1.01
2.01
1.01
2.03
2.02
1.52
1.01
2.02
1.50
4.52
0.51
1.52
11.62
2.53
2.01
18.27
8.04
2.03
4.00
1.52
1.01
2.02
1.01
1.52
1.52
2.02
1.01
2.51
1.01
2.01
1.02
2.02
