2.03
1.50
1.52
1.51
2.01
3.54
2.51
1.52
3.02
4.55
9.55
5.53
1.52
1.51
2.02
1.01
2.03
2.01
2.02
1.50
1.52
1.01
2.51
1.01
2.51
3.54
2.53
5.08
3.02
2.01
2.53
1.01
2.02
1.01
2.01
1.01
1.52
2.01
5.05
5.53
8.08
1.51
2.02
1.00
1.52
1.01
7.11
23.00
5.56
1.01
2.50
6.53
22.73
1.01
2.01
1.51
1.52
1.01
3.54
0.51
5.53
1.01
2.00
0.51
2.50
1.01
2.02
1.51
3.03
6.06
12.06
2.02
3.02
1.52
2.51
1.01
2.53
1.51
3.50
0.51
5.03
1.52
2.03
1.00
2.02
1.51
1.52
1.01
5.00
2.00
2.01
1.52
1.52
1.01
5.53
1.01
1.51
1.01
3.54
5.00
