3.50
1.01
2.01
1.52
11.62
0.50
1.01
0.50
2.02
1.50
2.51
1.50
2.03
1.00
3.00
1.01
2.01
0.50
2.03
1.51
2.53
2.00
1.01
1.51
2.53
1.00
1.01
1.01
3.00
1.52
3.02
1.01
1.51
1.00
10.61
2.50
2.02
4.04
1.01
1.01
3.52
0.51
2.51
1.52
2.00
1.01
21.61
10.10
2.51
1.01
3.50
0.50
1.01
2.01
2.02
1.01
2.02
1.52
15.92
0.00
2.51
1.01
5.03
1.01
12.63
2.53
2.01
1.01
2.01
0.50
3.52
1.00
2.01
1.01
2.51
1.01
2.01
1.01
1.50
0.51
2.51
1.50
7.07
1.51
2.02
1.51
2.00
1.51
1.01
1.00
1.51
1.50
2.02
1.01
9.05
0.50
2.01
0.51
2.50
1.01
