2.00
0.51
12.50
1.52
2.02
1.00
1.52
0.51
2.00
2.01
1.50
1.00
1.52
1.00
3.02
1.51
2.02
0.50
2.50
1.52
2.01
1.00
1.51
2.02
2.53
1.01
1.00
2.02
1.50
1.01
2.50
1.01
5.56
1.50
2.02
0.50
3.03
1.00
1.52
2.51
1.52
0.50
1.50
0.51
3.02
1.02
16.00
15.58
2.01
5.53
1.52
1.01
2.51
1.01
1.51
1.01
1.01
0.50
2.00
2.01
1.01
0.50
14.21
4.50
1.52
1.01
1.49
0.51
1.00
2.51
1.01
1.00
1.01
1.01
2.51
1.01
1.01
1.01
1.50
0.50
2.51
1.01
1.50
4.55
3.52
0.51
1.50
1.51
1.52
1.02
3.02
2.01
12.24
5.05
1.51
1.52
2.02
0.50
1.51
1.01
