1.01
1.00
1.00
0.00
2.51
0.50
1.01
0.50
1.51
0.50
1.00
0.50
1.01
1.00
1.00
0.50
2.51
0.50
1.01
0.50
0.50
1.00
1.01
0.50
7.54
0.50
2.99
0.50
1.01
0.50
1.01
0.50
1.00
0.50
1.50
0.00
1.50
13.07
2.51
0.50
0.50
0.50
1.00
0.50
1.50
0.00
2.00
13.07
1.49
0.50
1.01
2.00
1.00
0.00
7.54
0.50
2.51
0.50
1.00
0.50
1.01
0.50
1.01
0.50
1.00
0.50
1.51
0.50
1.51
0.50
2.50
0.50
1.00
0.50
1.00
0.00
1.50
0.50
1.00
0.50
1.00
0.50
0.50
0.50
7.04
0.50
1.00
0.51
1.00
0.50
1.00
0.50
2.51
1.00
1.01
0.50
1.51
13.57
1.99
0.50
