4.50
1.51
27.14
1.00
4.04
1.01
2.01
2.00
2.01
1.01
2.01
0.51
2.51
4.52
2.02
1.51
2.01
2.01
1.52
1.01
3.00
1.51
11.62
6.06
2.02
1.00
2.00
1.01
2.50
1.01
2.50
1.52
2.02
1.00
5.00
1.01
2.53
1.51
2.50
1.01
1.52
1.00
2.50
1.01
2.02
1.01
1.51
17.91
2.03
1.01
2.51
1.01
8.59
4.55
2.51
1.01
4.55
1.51
1.51
1.01
2.00
1.01
16.08
1.01
2.51
1.00
2.01
1.52
5.00
0.51
4.52
1.01
2.51
1.01
4.04
1.01
1.01
2.51
2.01
1.02
2.51
1.01
11.11
7.04
2.03
0.51
2.51
2.51
5.56
1.00
2.01
1.52
2.51
1.01
2.02
1.50
2.53
1.00
2.03
1.01
