1.01
5.03
1.01
1.52
2.01
2.01
10.10
3.03
0.51
2.50
1.01
28.64
2.51
2.01
2.01
2.03
1.00
2.02
1.49
2.01
1.01
2.01
1.01
1.51
3.52
3.50
1.01
2.51
1.52
2.51
1.01
1.51
1.01
2.02
1.50
4.02
13.64
3.03
1.01
2.53
1.51
1.51
1.01
2.01
1.52
5.05
25.00
3.54
1.51
2.51
1.01
2.01
1.01
2.54
1.01
2.51
0.51
3.03
4.02
2.01
1.01
2.51
1.01
2.02
1.01
2.02
11.11
5.08
0.50
1.51
1.52
26.13
3.03
2.01
1.01
3.03
0.51
2.02
3.00
2.02
1.01
4.52
0.51
2.02
1.01
3.00
0.51
2.01
1.01
2.01
1.52
2.02
1.01
2.02
1.51
3.54
10.05
3.55
1.01
2.03
