2.51
1.01
2.50
2.02
2.50
1.01
2.01
1.01
14.14
1.50
2.02
1.01
28.14
2.01
2.02
1.50
3.50
1.01
2.03
1.00
5.00
1.01
3.52
3.03
2.00
1.01
2.51
3.50
3.02
1.52
2.00
3.02
2.51
4.00
2.01
1.01
2.50
1.01
14.07
0.51
5.50
1.00
2.51
1.51
2.50
1.01
27.14
1.50
2.02
1.49
2.51
1.49
2.53
4.98
2.02
1.50
1.50
1.01
2.51
1.00
1.51
1.01
2.53
2.01
2.00
1.01
2.01
1.01
13.64
1.01
2.01
1.00
28.14
1.52
2.01
1.51
2.53
4.04
2.01
1.51
1.51
1.51
3.03
2.01
3.52
0.50
1.52
1.00
2.54
1.01
1.52
4.00
3.03
1.51
2.51
0.51
3.03
0.50
9.55
1.51
