4.06
1.52
0.50
1.01
1.00
2.50
1.01
2.02
1.01
2.02
2.01
2.02
1.50
1.01
1.01
4.55
1.51
8.63
4.52
1.51
2.01
2.50
20.10
4.52
0.51
3.02
0.50
0.50
1.01
3.00
1.52
2.02
1.01
2.50
0.00
2.51
1.52
6.57
1.00
1.00
1.51
2.02
0.50
1.00
0.50
2.02
13.93
8.04
2.00
2.51
1.01
1.00
0.50
2.51
1.01
2.51
1.01
3.00
0.50
4.00
1.52
2.51
0.50
2.01
1.01
2.51
0.50
1.01
2.00
2.54
1.50
5.05
1.01
2.51
0.50
1.01
0.50
10.10
4.52
2.01
1.02
6.03
14.57
1.00
0.51
2.53
1.00
1.01
1.01
2.01
1.01
3.02
1.01
6.03
1.00
1.01
1.01
2.51
1.52
1.51
