4.55
1.49
2.50
1.01
2.50
1.51
2.01
3.50
2.01
1.00
2.01
1.51
2.53
1.50
2.51
2.00
1.52
1.00
2.02
1.50
1.01
4.00
2.51
2.02
1.50
1.51
2.51
1.01
2.51
8.59
6.03
1.51
2.50
2.54
2.49
2.01
2.50
1.01
2.01
1.50
2.50
1.01
27.50
3.98
2.01
2.01
2.00
26.50
2.01
1.51
1.51
1.01
2.51
1.50
2.00
4.55
2.49
1.01
3.52
9.05
8.00
1.00
2.53
4.02
3.02
2.00
1.51
2.54
2.50
2.01
1.50
1.01
2.49
1.01
1.51
4.48
2.51
0.51
2.00
1.00
2.50
1.50
1.52
2.00
2.51
2.00
2.00
1.00
2.51
11.00
5.53
1.01
2.01
2.00
2.51
2.02
2.50
1.50
5.00
1.01
