14.65
1.01
3.03
4.02
1.53
1.51
2.02
0.50
2.01
0.51
2.51
1.01
2.53
1.52
2.01
1.51
1.52
3.54
2.50
1.01
1.52
0.50
3.54
1.02
2.02
1.01
2.01
1.01
2.03
1.01
15.66
0.50
4.55
0.51
2.51
1.01
1.01
1.01
2.51
1.01
5.53
1.01
3.05
27.64
3.52
1.01
2.02
26.13
1.52
1.51
1.51
1.01
7.54
1.01
2.02
1.01
2.01
1.01
2.53
1.01
14.65
1.01
6.53
1.00
1.02
2.01
2.02
1.01
2.51
1.01
2.00
1.00
3.55
1.00
5.53
1.01
2.01
0.51
2.53
1.01
2.02
1.01
3.52
1.01
1.51
1.01
2.02
1.01
4.55
1.00
12.69
1.51
4.02
0.00
2.01
0.51
2.51
3.54
2.51
1.51
