1.51
1.51
2.01
3.02
2.50
1.01
3.02
1.01
2.50
1.01
1.50
1.50
2.02
1.49
2.01
1.00
6.03
1.00
1.50
1.50
2.01
2.01
2.00
1.01
3.02
0.50
16.08
2.02
2.01
1.01
2.50
1.00
2.01
1.01
2.50
1.01
3.03
2.01
11.00
19.60
2.50
1.00
2.50
1.01
1.52
2.00
10.05
19.60
1.51
1.01
2.01
1.00
4.02
1.01
2.51
1.00
12.12
2.54
5.00
0.51
3.02
1.49
3.52
1.01
2.00
1.01
3.03
1.50
2.02
1.00
2.01
1.00
4.52
1.52
2.00
1.01
2.01
1.50
2.51
1.01
1.51
2.01
2.01
1.01
2.02
4.02
12.06
1.52
1.51
1.00
2.01
1.01
2.51
1.01
5.00
1.01
2.01
1.01
9.55
19.00
