3.02
1.02
2.01
3.52
2.02
1.01
2.02
1.01
1.52
1.01
13.13
3.54
2.53
0.51
2.02
0.51
2.02
1.00
2.53
1.01
2.51
1.02
2.02
1.01
1.52
0.50
5.08
1.01
1.52
1.01
3.03
0.51
4.52
1.01
2.03
1.01
2.51
0.50
2.01
3.55
10.61
3.03
1.52
1.50
2.03
2.01
2.53
27.27
2.51
1.01
3.03
1.02
2.51
24.62
2.02
1.01
2.53
1.01
1.52
1.01
5.56
1.01
2.02
1.01
2.02
1.01
3.02
1.01
2.02
0.51
11.56
1.52
1.51
1.01
2.02
1.52
2.53
1.51
1.52
1.01
5.56
1.51
2.54
1.01
1.51
1.51
2.02
1.50
2.02
1.02
3.02
0.51
2.51
0.51
4.55
1.01
2.02
1.01
1.52
1.01
