1.52
1.00
2.53
2.00
5.05
1.01
1.51
1.01
2.51
1.01
2.50
11.11
3.02
2.51
4.52
12.06
16.67
1.01
1.51
1.50
2.51
1.01
1.51
1.51
2.53
1.50
1.51
3.54
2.01
1.01
2.53
1.50
1.52
2.50
2.53
1.00
1.52
1.01
1.52
1.01
6.00
10.55
3.03
3.02
2.53
1.01
15.66
13.00
3.03
1.01
2.51
1.01
2.02
1.51
2.51
1.01
2.02
1.98
1.51
2.01
5.05
1.01
2.01
2.01
2.51
1.51
2.01
1.00
2.01
1.01
1.51
13.64
4.04
2.01
1.51
12.06
16.58
1.01
2.02
1.01
4.52
1.01
2.51
4.50
2.51
1.01
1.51
1.01
2.51
1.01
1.99
1.01
2.53
2.02
2.02
1.50
2.01
3.54
2.00
1.02
