2.50
0.51
2.51
1.01
2.03
5.03
2.01
1.01
2.00
1.01
2.02
1.01
3.03
1.01
17.26
3.52
2.01
1.01
2.02
2.01
4.02
1.01
2.02
1.01
3.03
5.03
1.52
1.01
2.50
1.01
3.02
0.51
1.51
1.01
2.53
2.51
2.01
1.01
2.01
1.01
5.53
1.00
1.52
1.51
12.18
3.52
19.80
3.50
5.05
0.51
2.02
1.00
2.02
1.01
2.03
19.60
11.56
1.01
4.02
1.50
2.02
1.01
2.01
4.06
2.50
2.01
1.51
1.01
2.50
1.01
2.02
1.01
2.54
1.01
16.16
4.04
1.52
1.50
2.02
2.53
1.51
3.02
2.53
0.51
6.06
2.51
1.52
1.51
2.01
1.01
2.53
0.50
2.01
0.50
2.53
2.03
4.52
1.01
2.51
0.51
