Linux 3.10.0-514.16.1.el7.x86_64 (b09-h09-r620.rdu.openstack.engineering.redhat.com_2.example.com) 	06/13/2017 	_x86_64_	(2 CPU)

02:19:35 AM     CPU      %usr     %nice      %sys   %iowait    %steal      %irq     %soft    %guest    %gnice     %idle
02:19:36 AM     all     50.00      0.00      0.50      0.00      0.00      0.00      0.50      0.00      0.00     49.00
02:19:36 AM       0     95.05      0.00      0.99      0.00      0.00      0.00      0.00      0.00      0.00      3.96
02:19:36 AM       1      5.00      0.00      1.00      0.00      0.00      0.00      0.00      0.00      0.00     94.00
02:19:37 AM     all     50.00      0.00      0.50      0.00      0.00      0.00      0.00      0.00      0.00     49.50
02:19:37 AM       0     99.00      0.00      1.00      0.00      0.00      0.00      0.00      0.00      0.00      0.00
02:19:37 AM       1      0.00      0.00      0.00      0.00      0.00      0.00      0.00      0.00      0.00    100.00
02:19:38 AM     all     50.51      0.00      0.51      0.00      0.00      0.00      0.00      0.00      0.00     48.99
02:19:38 AM       0    100.00      0.00      0.00      0.00      0.00      0.00      0.00      0.00      0.00      0.00
02:19:38 AM       1      1.00      0.00      1.00      0.00      0.00      0.00      0.00      0.00      0.00     98.00
02:19:39 AM     all     50.50      0.00      0.50      0.00      0.00      0.00      0.00      0.00      0.00     49.00
02:19:39 AM       0    100.00      0.00      0.00      0.00      0.00      0.00      0.00      0.00      0.00      0.00
02:19:39 AM       1      1.01      0.00      0.00      0.00      0.00      0.00      0.00      0.00      0.00     98.99
02:19:40 AM     all     50.75      0.00      1.01      0.00      0.00      0.00      0.00      0.00      0.00     48.24
02:19:40 AM       0     99.01      0.00      0.99      0.00      0.00      0.00      0.00      0.00      0.00      0.00
02:19:40 AM       1      2.00      0.00      2.00      0.00      0.00      0.00      0.00      0.00      0.00     96.00
02:19:41 AM     all     50.75      0.00      0.00      0.00      0.00      0.00      0.00      0.00      0.00     49.25
02:19:41 AM       0    100.00      0.00      0.00      0.00      0.00      0.00      0.00      0.00      0.00      0.00
02:19:41 AM       1      0.00      0.00      0.00      0.00      0.00      0.00      0.00      0.00      0.00    100.00
02:19:42 AM     all     50.00      0.00      0.50      0.00      0.00      0.00      0.00      0.00      0.00     49.50
02:19:42 AM       0      2.00      0.00      0.00      0.00      0.00      0.00      0.00      0.00      0.00     98.00
02:19:42 AM       1     98.02      0.00      0.99      0.00      0.00      0.00      0.00      0.00      0.00      0.99
02:19:43 AM     all     50.00      0.00      0.50      0.00      0.00      0.00      0.00      0.00      0.00     49.50
02:19:43 AM       0      0.00      0.00      0.00      0.00      0.00      0.00      0.00      0.00      0.00    100.00
02:19:43 AM       1    100.00      0.00      0.00      0.00      0.00      0.00      0.00      0.00      0.00      0.00
02:19:44 AM     all     52.02      0.00      0.00      0.00      0.00      0.00      0.00      0.00      0.00     47.98
02:19:44 AM       0      4.04      0.00      0.00      0.00      0.00      0.00      0.00      0.00      0.00     95.96
02:19:44 AM       1     99.01      0.00      0.99      0.00      0.00      0.00      0.00      0.00      0.00      0.00
02:19:45 AM     all     50.50      0.00      0.50      0.00      0.00      0.00      0.00      0.00      0.00     49.00
02:19:45 AM       0      1.00      0.00      1.00      0.00      0.00      0.00      0.00      0.00      0.00     98.00
02:19:45 AM       1    100.00      0.00      0.00      0.00      0.00      0.00      0.00      0.00      0.00      0.00
02:19:46 AM     all     50.50      0.00      0.50      0.00      0.00      0.00      0.00      0.00      0.00     49.00
02:19:46 AM       0      1.01      0.00      0.00      0.00      0.00      0.00      0.00      0.00      0.00     98.99
02:19:46 AM       1    100.00      0.00      0.00      0.00      0.00      0.00      0.00      0.00      0.00      0.00
02:19:47 AM     all     50.00      0.00      0.50      0.00      0.00      0.00      0.00      0.00      0.00     49.50
02:19:47 AM       0      0.00      0.00      1.01      0.00      0.00      0.00      0.00      0.00      0.00     98.99
02:19:47 AM       1    100.00      0.00      0.00      0.00      0.00      0.00      0.00      0.00      0.00      0.00
02:19:48 AM     all     50.51      0.00      0.51      0.00      0.00      0.00      0.00      0.00      0.00     48.99
02:19:48 AM       0      1.00      0.00      1.00      0.00      0.00      0.00      0.00      0.00      0.00     98.00
02:19:48 AM       1     99.00      0.00      1.00      0.00      0.00      0.00      0.00      0.00      0.00      0.00
02:19:49 AM     all     50.00      0.00      0.50      0.00      0.00      0.00      0.00      0.00      0.00     49.50
02:19:49 AM       0      1.00      0.00      0.00      0.00      0.00      0.00      0.00      0.00      0.00     99.00
02:19:49 AM       1     99.01      0.00      0.99      0.00      0.00      0.00      0.00      0.00      0.00      0.00
02:19:50 AM     all     51.26      0.00      3.52      0.00      0.00      0.00      0.00      0.00      0.00     45.23
02:19:50 AM       0     72.00      0.00      7.00      0.00      0.00      0.00      0.00      0.00      0.00     21.00
02:19:50 AM       1     29.59      0.00      0.00      0.00      0.00      0.00      0.00      0.00      0.00     70.41
02:19:51 AM     all     50.50      0.00      0.50      0.00      0.00      0.00      0.00      0.00      0.00     49.00
02:19:51 AM       0    100.00      0.00      0.00      0.00      0.00      0.00      0.00      0.00      0.00      0.00
02:19:51 AM       1      1.98      0.00      0.99      0.00      0.00      0.00      0.00      0.00      0.00     97.03
02:19:52 AM     all     50.50      0.00      1.00      0.00      0.00      0.00      0.00      0.00      0.00     48.50
02:19:52 AM       0    100.00      0.00      0.00      0.00      0.00      0.00      0.00      0.00      0.00      0.00
02:19:52 AM       1      1.01      0.00      1.01      0.00      0.00      0.00      0.00      0.00      0.00     97.98
02:19:53 AM     all     50.75      0.00      0.00      0.00      0.00      0.00      0.00      0.00      0.00     49.25
02:19:53 AM       0     99.01      0.00      0.99      0.00      0.00      0.00      0.00      0.00      0.00      0.00
02:19:53 AM       1      1.01      0.00      0.00      0.00      0.00      0.00      0.00      0.00      0.00     98.99
02:19:54 AM     all     50.25      0.00      1.00      0.00      0.00      0.00      0.00      0.00      0.00     48.76
02:19:54 AM       0    100.00      0.00      0.00      0.00      0.00      0.00      0.00      0.00      0.00      0.00
02:19:54 AM       1      0.99      0.00      0.99      0.00      0.00      0.00      0.99      0.00      0.00     97.03
02:19:55 AM     all     50.51      0.00      0.51      0.00      0.00      0.00      0.00      0.00      0.00     48.99
02:19:55 AM       0    100.00      0.00      0.00      0.00      0.00      0.00      0.00      0.00      0.00      0.00
02:19:55 AM       1      1.01      0.00      1.01      0.00      0.00      0.00      0.00      0.00      0.00     97.98
Average:        all     50.49      0.00      0.65      0.00      0.00      0.00      0.03      0.00      0.00     48.83
Average:          0     58.82      0.00      0.70      0.00      0.00      0.00      0.00      0.00      0.00     40.48
Average:          1     42.13      0.00      0.60      0.00      0.00      0.00      0.05      0.00      0.00     57.22

