2.51
1.52
1.51
1.51
1.51
1.01
4.04
1.01
26.63
2.00
2.02
2.01
1.52
1.01
2.02
1.01
2.51
0.50
3.54
1.01
5.05
1.51
2.02
1.01
1.51
1.01
2.01
1.01
9.09
8.04
2.03
2.00
2.02
0.51
2.01
0.51
2.53
0.50
1.51
1.01
2.02
4.04
2.51
1.01
2.03
1.00
2.01
26.26
1.51
1.51
2.01
1.52
2.01
1.01
1.51
1.01
4.50
1.01
8.08
6.06
2.51
1.50
1.51
0.51
6.50
1.01
2.53
0.51
27.50
1.50
2.01
1.51
1.52
1.50
2.01
0.51
2.01
1.01
4.50
2.51
2.51
2.00
1.01
1.01
2.02
1.01
2.03
1.01
10.50
6.60
2.51
2.01
2.51
1.00
2.02
1.00
2.51
1.00
1.51
4.04
