2.50
2.00
2.49
1.98
2.00
1.00
11.00
8.00
2.51
1.98
3.00
1.49
2.01
1.49
2.50
1.98
3.54
1.49
2.00
4.00
3.00
1.99
2.01
1.00
3.00
1.00
2.00
1.49
2.50
3.50
2.51
5.42
2.00
1.49
3.02
1.49
8.50
6.03
2.00
1.50
2.99
4.50
2.00
1.00
2.49
1.00
1.51
26.87
1.99
1.00
28.86
2.50
1.99
1.00
6.00
1.50
1.50
1.99
2.00
1.00
3.00
1.99
2.51
1.50
1.99
1.01
12.56
5.53
3.00
1.00
2.53
1.99
2.50
1.49
2.01
4.00
2.50
2.00
2.00
1.01
2.97
1.51
2.01
1.49
2.51
1.49
1.51
0.50
2.50
4.00
2.50
1.51
2.00
1.50
2.51
1.00
8.50
5.50
4.57
1.50
