1.01
3.02
2.53
5.56
1.50
2.53
1.01
1.02
1.01
2.00
1.52
3.02
1.52
3.03
1.01
2.02
1.01
4.55
27.14
2.53
1.01
1.52
2.51
3.05
1.52
2.01
1.01
9.09
8.08
1.52
0.51
5.03
1.02
2.53
1.01
1.52
1.02
2.02
1.01
5.05
1.52
2.02
1.52
3.02
0.51
2.03
27.14
2.54
1.51
2.03
1.00
1.53
1.01
6.06
0.51
2.01
1.01
6.09
7.58
2.03
1.01
2.53
1.01
7.11
1.01
2.00
1.01
2.53
1.01
1.52
1.01
2.53
1.52
3.02
1.01
5.56
1.51
1.52
27.27
2.01
1.01
1.53
1.51
3.54
1.01
1.52
1.01
10.10
7.07
2.53
0.51
2.53
1.01
3.03
1.00
2.53
1.01
6.06
1.01
2.04
