1.52
1.01
1.01
1.00
5.56
0.51
1.52
1.01
2.53
1.01
2.02
1.51
1.01
1.51
3.03
0.51
1.52
3.54
1.49
5.56
1.51
1.01
12.00
3.54
3.52
1.01
2.01
0.50
2.00
1.02
2.00
1.01
2.51
0.51
2.53
1.01
1.51
1.01
1.01
1.00
4.52
1.01
2.01
0.50
2.51
2.01
12.00
3.03
3.03
12.63
3.03
0.50
2.01
1.01
3.54
2.02
2.01
1.01
1.01
1.01
2.01
4.04
1.01
1.01
2.02
2.01
1.01
0.50
2.01
1.01
1.52
1.01
2.01
1.01
1.00
2.50
2.02
0.50
2.02
10.66
4.04
1.01
12.00
3.03
2.01
4.04
2.50
0.51
2.00
1.52
2.00
1.01
1.51
1.01
1.00
1.50
2.50
1.01
5.56
1.02
