1.01
1.51
0.51
3.02
4.02
27.64
2.01
2.51
0.51
3.02
1.99
2.04
1.50
2.03
1.50
2.01
0.50
2.02
1.01
6.06
1.01
2.50
1.01
2.01
1.01
4.02
14.07
3.03
2.03
3.52
1.01
1.51
1.01
2.51
0.51
2.01
1.00
2.03
1.01
5.53
3.52
2.51
1.01
1.52
1.00
3.02
26.77
3.02
1.01
2.01
1.01
2.02
0.50
4.04
1.52
3.03
10.61
1.52
1.01
3.52
1.01
1.52
1.01
5.53
1.01
27.50
1.51
3.02
1.01
3.02
1.52
3.02
1.01
2.02
1.01
1.52
1.00
2.53
3.52
2.03
1.01
2.02
1.49
1.52
1.51
4.02
13.64
2.51
2.03
3.02
2.01
1.52
1.01
2.99
0.51
2.01
1.01
2.01
1.52
6.00
