1.01
1.00
2.51
0.50
1.00
0.51
1.01
0.50
1.01
1.00
1.01
0.00
1.50
0.50
1.00
7.58
1.51
0.50
0.50
13.57
1.50
0.50
2.00
0.50
3.03
0.50
1.00
0.50
1.00
0.50
1.01
1.00
1.51
0.50
1.00
0.50
1.01
1.50
2.50
0.50
1.01
0.50
1.51
0.00
2.01
7.04
14.65
0.50
1.00
0.50
1.00
0.51
1.50
0.50
1.00
0.50
1.01
0.50
3.02
0.50
0.50
0.50
1.50
0.50
0.51
1.00
1.01
0.50
0.50
1.00
1.01
1.00
2.51
0.50
1.01
6.03
1.00
0.51
1.00
13.57
1.01
2.00
1.01
0.50
1.01
0.50
1.01
0.50
1.00
0.50
1.00
0.50
1.01
1.50
3.52
0.50
1.01
0.50
1.01
0.50
