1.50
1.52
2.53
1.52
2.51
0.51
3.03
1.01
15.66
2.53
1.52
1.52
2.01
1.52
2.01
0.51
2.53
1.01
2.02
1.01
5.08
1.51
2.03
3.54
1.01
1.01
3.02
1.01
1.52
1.00
2.53
1.01
1.51
5.58
20.10
9.05
2.54
1.01
13.13
2.51
4.02
3.02
2.02
2.01
3.03
0.51
20.10
9.09
2.02
1.01
2.01
1.01
2.51
4.55
2.01
1.01
3.03
1.01
2.02
1.51
2.53
1.01
1.52
1.52
2.01
1.01
2.53
3.55
12.69
1.50
2.01
1.02
2.01
1.50
1.52
1.01
5.03
1.52
2.01
0.50
2.53
2.01
1.51
2.02
3.54
1.01
2.50
1.02
2.01
4.04
2.51
1.01
2.00
2.53
20.30
9.50
2.02
1.51
16.24
1.52
