2.03
2.01
1.52
2.51
2.02
2.01
1.01
1.52
1.01
7.07
1.00
1.51
0.51
2.00
1.52
2.01
0.50
2.51
1.01
3.00
1.52
2.02
1.01
1.52
4.52
2.51
1.01
2.51
1.01
12.12
2.02
2.01
3.54
2.02
1.51
2.02
1.01
2.01
1.01
2.50
0.51
2.50
2.02
2.01
2.03
5.03
26.63
1.51
1.01
2.02
1.01
1.52
1.00
27.64
1.52
2.50
0.51
2.51
1.02
14.65
2.02
2.00
2.02
2.02
1.01
3.03
1.01
5.08
1.01
2.01
0.50
2.51
1.01
2.03
1.51
2.53
0.51
2.02
1.01
2.01
1.51
4.06
1.01
2.02
1.00
3.03
1.00
1.52
2.51
15.15
2.02
1.51
1.51
2.01
1.51
2.53
0.50
2.53
1.01
2.51
