2.50
1.01
3.50
1.50
2.00
3.54
8.08
6.53
3.52
1.01
2.00
1.49
3.52
1.00
5.03
1.50
2.01
1.01
2.51
1.50
2.01
1.01
3.02
1.51
2.01
1.01
2.02
3.96
1.52
1.99
2.02
1.00
3.00
1.01
2.51
1.50
10.10
7.54
3.02
1.50
2.51
2.50
3.03
1.01
9.05
19.90
11.06
19.60
5.00
1.51
2.00
1.50
3.02
1.51
1.50
1.01
2.51
1.01
2.51
1.01
2.01
1.00
6.03
1.01
1.52
1.01
7.58
7.07
3.52
1.00
5.03
1.01
4.52
1.01
3.52
0.51
2.00
1.51
2.01
1.01
2.51
1.01
3.02
4.04
1.51
1.51
2.51
1.01
2.51
1.01
2.53
1.01
2.53
1.00
2.02
1.01
10.66
6.50
1.52
1.01
