1.01
1.51
1.01
2.01
1.52
4.55
1.01
2.53
6.53
7.58
1.01
1.52
1.50
4.55
1.51
2.02
2.00
1.52
0.51
4.55
1.51
2.50
1.51
1.52
2.01
4.55
1.00
2.02
1.00
2.02
1.51
2.53
2.01
1.52
1.51
2.01
1.00
1.52
8.54
8.12
1.01
2.02
1.50
2.54
1.51
2.01
1.00
28.14
4.02
1.51
1.51
27.64
3.52
1.02
2.01
2.03
1.00
2.02
0.50
2.51
1.01
1.52
4.02
2.51
2.01
2.01
1.01
3.03
6.57
11.11
1.00
2.01
1.52
2.53
2.51
1.52
2.01
1.52
0.50
2.53
1.50
2.02
1.01
4.55
1.52
2.00
1.01
2.51
1.01
2.53
0.51
1.51
1.01
2.02
2.01
4.55
1.01
2.00
8.63
7.58
