Linux 3.10.0-514.16.1.el7.x86_64 (b10-h18-r620.rdu.openstack.engineering.redhat.com_2.example.com) 	06/13/2017 	_x86_64_	(2 CPU)

02:25:02 AM     CPU      %usr     %nice      %sys   %iowait    %steal      %irq     %soft    %guest    %gnice     %idle
02:25:03 AM     all     50.75      0.00      1.49      0.00      0.00      0.00      0.00      0.00      0.00     47.76
02:25:03 AM       0    100.00      0.00      0.00      0.00      0.00      0.00      0.00      0.00      0.00      0.00
02:25:03 AM       1      2.97      0.00      1.98      0.00      0.00      0.00      0.00      0.00      0.00     95.05
02:25:04 AM     all     50.00      0.00      1.00      0.00      0.00      0.00      0.00      0.00      0.00     49.00
02:25:04 AM       0     99.00      0.00      1.00      0.00      0.00      0.00      0.00      0.00      0.00      0.00
02:25:04 AM       1      0.99      0.00      1.98      0.00      0.00      0.00      0.00      0.00      0.00     97.03
02:25:05 AM     all     50.75      0.00      0.50      0.00      0.00      0.00      0.00      0.00      0.00     48.74
02:25:05 AM       0     59.60      0.00      0.00      0.00      0.00      0.00      0.00      0.00      0.00     40.40
02:25:05 AM       1     41.41      0.00      1.01      0.00      0.00      0.00      0.00      0.00      0.00     57.58
02:25:06 AM     all     50.25      0.00      0.50      0.00      0.00      0.00      0.00      0.00      0.00     49.25
02:25:06 AM       0     35.64      0.00      0.00      0.00      0.00      0.00      0.00      0.00      0.00     64.36
02:25:06 AM       1     65.00      0.00      1.00      0.00      0.00      0.00      0.00      0.00      0.00     34.00
02:25:07 AM     all     51.76      0.00      0.50      0.00      0.00      0.00      0.00      0.00      0.00     47.74
02:25:07 AM       0    100.00      0.00      0.00      0.00      0.00      0.00      0.00      0.00      0.00      0.00
02:25:07 AM       1      4.00      0.00      1.00      0.00      0.00      0.00      0.00      0.00      0.00     95.00
02:25:08 AM     all     50.25      0.00      1.00      0.00      0.00      0.00      0.00      0.00      0.00     48.76
02:25:08 AM       0    100.00      0.00      0.00      0.00      0.00      0.00      0.00      0.00      0.00      0.00
02:25:08 AM       1      1.00      0.00      1.00      0.00      0.00      0.00      0.00      0.00      0.00     98.00
02:25:09 AM     all     50.75      0.00      0.50      0.00      0.00      0.00      0.00      0.00      0.00     48.74
02:25:09 AM       0     99.01      0.00      0.99      0.00      0.00      0.00      0.00      0.00      0.00      0.00
02:25:09 AM       1      1.01      0.00      1.01      0.00      0.00      0.00      0.00      0.00      0.00     97.98
02:25:10 AM     all     50.00      0.00      0.50      0.00      0.00      0.00      0.50      0.00      0.00     49.00
02:25:10 AM       0    100.00      0.00      0.00      0.00      0.00      0.00      0.00      0.00      0.00      0.00
02:25:10 AM       1      1.01      0.00      0.00      0.00      0.00      0.00      0.00      0.00      0.00     98.99
02:25:11 AM     all     51.50      0.00      4.00      0.00      0.00      0.00      0.00      0.00      0.00     44.50
02:25:11 AM       0    100.00      0.00      0.00      0.00      0.00      0.00      0.00      0.00      0.00      0.00
02:25:11 AM       1      2.97      0.00      8.91      0.00      0.00      0.00      0.00      0.00      0.00     88.12
02:25:12 AM     all     49.75      0.00      1.01      0.00      0.00      0.00      0.00      0.00      0.00     49.25
02:25:12 AM       0     99.00      0.00      1.00      0.00      0.00      0.00      0.00      0.00      0.00      0.00
02:25:12 AM       1      0.00      0.00      0.00      0.00      0.00      0.00      0.00      0.00      0.00    100.00
02:25:13 AM     all     51.00      0.00      1.00      0.00      0.00      0.00      0.00      0.00      0.00     48.00
02:25:13 AM       0    100.00      0.00      0.00      0.00      0.00      0.00      0.00      0.00      0.00      0.00
02:25:13 AM       1      2.97      0.00      1.98      0.00      0.00      0.00      0.00      0.00      0.00     95.05
02:25:14 AM     all     50.50      0.00      0.50      0.00      0.00      0.00      0.00      0.00      0.00     49.00
02:25:14 AM       0    100.00      0.00      0.00      0.00      0.00      0.00      0.00      0.00      0.00      0.00
02:25:14 AM       1      1.01      0.00      1.01      0.00      0.00      0.00      0.00      0.00      0.00     97.98
02:25:15 AM     all     50.50      0.00      1.00      0.00      0.00      0.00      0.00      0.00      0.00     48.50
02:25:15 AM       0     99.00      0.00      1.00      0.00      0.00      0.00      0.00      0.00      0.00      0.00
02:25:15 AM       1      0.99      0.00      1.98      0.00      0.00      0.00      0.00      0.00      0.00     97.03
02:25:16 AM     all     50.00      0.00      1.00      0.00      0.00      0.00      0.00      0.00      0.00     49.00
02:25:16 AM       0    100.00      0.00      0.00      0.00      0.00      0.00      0.00      0.00      0.00      0.00
02:25:16 AM       1      0.99      0.00      1.98      0.00      0.00      0.00      0.00      0.00      0.00     97.03
02:25:17 AM     all     50.75      0.00      1.00      0.00      0.00      0.00      0.00      0.00      0.00     48.26
02:25:17 AM       0     99.00      0.00      1.00      0.00      0.00      0.00      0.00      0.00      0.00      0.00
02:25:17 AM       1      2.00      0.00      1.00      0.00      0.00      0.00      0.00      0.00      0.00     97.00
02:25:18 AM     all     50.25      0.00      1.00      0.00      0.00      0.00      0.00      0.00      0.00     48.76
02:25:18 AM       0     70.00      0.00      0.00      0.00      0.00      0.00      1.00      0.00      0.00     29.00
02:25:18 AM       1     30.69      0.00      0.99      0.00      0.00      0.00      0.00      0.00      0.00     68.32
02:25:19 AM     all     50.00      0.00      1.00      0.00      0.00      0.00      0.00      0.00      0.00     49.00
02:25:19 AM       0      7.92      0.00      0.99      0.00      0.00      0.00      0.00      0.00      0.00     91.09
02:25:19 AM       1     93.00      0.00      1.00      0.00      0.00      0.00      0.00      0.00      0.00      6.00
02:25:20 AM     all     50.25      0.00      0.50      0.00      0.00      0.00      0.00      0.00      0.00     49.25
02:25:20 AM       0     99.00      0.00      1.00      0.00      0.00      0.00      0.00      0.00      0.00      0.00
02:25:20 AM       1      0.99      0.00      0.99      0.00      0.00      0.00      0.00      0.00      0.00     98.02
02:25:21 AM     all     50.50      0.00      0.50      0.00      0.00      0.00      0.00      0.00      0.00     49.00
02:25:21 AM       0    100.00      0.00      0.00      0.00      0.00      0.00      0.00      0.00      0.00      0.00
02:25:21 AM       1      1.01      0.00      0.00      0.00      0.00      0.00      0.00      0.00      0.00     98.99
02:25:22 AM     all     50.25      0.00      0.50      0.00      0.00      0.00      0.00      0.00      0.00     49.25
02:25:22 AM       0    100.00      0.00      0.00      0.00      0.00      0.00      0.00      0.00      0.00      0.00
02:25:22 AM       1      1.00      0.00      1.00      0.00      0.00      0.00      0.00      0.00      0.00     98.00
Average:        all     50.49      0.00      0.95      0.00      0.00      0.00      0.02      0.00      0.00     48.54
Average:          0     88.29      0.00      0.35      0.00      0.00      0.00      0.05      0.00      0.00     11.31
Average:          1     12.74      0.00      1.50      0.00      0.00      0.00      0.00      0.00      0.00     85.76

