2.02
1.01
2.02
0.50
2.51
1.01
5.56
1.51
1.02
1.51
2.53
1.01
2.50
1.01
1.52
2.00
4.57
14.21
1.01
1.01
2.51
0.51
1.52
1.00
2.51
1.01
2.53
2.51
3.54
0.51
4.02
1.01
2.02
1.01
1.52
1.01
3.54
1.01
2.02
1.52
2.02
5.56
1.52
1.01
2.02
1.01
17.59
21.61
2.02
1.01
5.08
1.01
1.01
1.01
2.01
1.01
17.09
14.14
2.01
1.02
2.53
1.51
1.02
1.01
5.53
0.51
3.03
1.50
2.04
1.49
2.03
1.01
1.51
1.50
2.01
1.01
7.58
11.22
2.50
1.51
1.51
1.52
2.51
1.00
1.52
4.02
4.00
1.01
2.01
1.01
2.02
1.01
2.02
1.01
2.51
1.01
2.53
1.01
6.03
0.51
