2.01
1.01
2.02
3.52
2.00
1.01
2.51
2.01
1.52
1.00
2.02
0.51
2.00
1.50
1.50
1.01
14.14
3.03
1.50
1.01
2.01
1.00
2.51
1.00
3.54
1.50
5.08
2.01
2.00
0.51
2.01
1.01
1.51
0.50
2.53
2.01
1.51
1.51
3.02
0.50
5.03
1.01
1.51
1.01
2.02
1.51
27.27
12.00
2.51
0.50
5.05
1.49
1.52
1.00
2.02
0.50
2.01
17.50
11.68
1.00
4.52
1.01
1.51
1.01
1.52
1.51
4.52
2.50
1.51
0.51
1.52
1.01
1.51
0.51
2.01
1.00
15.08
3.54
1.52
1.01
2.51
1.01
1.51
0.50
2.01
1.01
1.51
5.03
1.52
1.01
1.01
1.01
2.00
1.01
1.50
2.03
2.51
2.01
3.03
0.51
