1.51
2.51
0.50
0.51
1.50
0.50
0.51
0.50
1.01
0.50
1.01
1.50
1.01
0.50
1.01
0.50
3.02
4.52
2.53
0.50
15.50
1.01
1.50
0.51
1.00
2.50
1.00
0.00
2.01
0.50
1.01
1.01
1.49
0.00
1.00
1.00
1.01
0.00
3.48
0.51
1.00
1.01
2.50
0.50
1.01
0.50
15.50
4.57
4.52
1.51
1.01
0.50
1.01
1.01
1.01
0.50
1.51
0.50
3.50
0.50
0.51
1.01
1.01
1.00
1.01
1.01
1.00
0.50
1.01
0.50
2.00
2.51
1.01
1.00
1.00
0.50
1.50
4.04
2.53
0.50
15.50
2.51
0.51
1.00
1.01
0.00
1.50
0.51
1.01
0.50
1.01
1.50
2.51
0.50
1.01
0.50
1.50
0.50
1.01
0.50
