1.01
2.50
2.53
1.51
2.51
1.01
2.01
1.01
2.01
1.00
4.04
2.00
2.02
1.01
2.51
1.00
2.01
1.50
2.51
1.01
2.51
2.01
14.14
2.51
2.01
1.01
27.64
4.00
1.51
1.50
2.02
5.53
1.51
1.51
2.53
1.00
2.01
1.01
2.51
1.01
2.50
2.02
2.51
1.51
4.57
1.01
24.62
4.52
2.02
1.50
4.04
1.01
18.18
2.01
2.51
1.01
3.02
1.52
2.01
1.00
2.02
1.01
2.50
1.51
5.03
1.51
2.02
1.01
3.02
1.01
2.02
0.50
3.03
1.51
2.00
1.01
1.52
0.50
5.05
1.50
1.52
1.51
13.20
1.51
2.02
1.51
30.81
3.54
1.51
1.01
2.02
1.01
2.53
1.01
2.02
1.01
2.51
1.01
2.51
1.01
