1.51
1.01
1.00
2.51
1.01
2.51
13.07
1.51
1.52
4.00
1.51
2.02
1.00
1.52
1.00
2.02
1.00
2.01
1.51
5.03
2.51
2.53
0.50
1.51
1.01
3.02
1.01
1.51
1.51
1.51
1.51
2.02
0.50
2.02
1.00
4.04
12.12
2.01
1.51
1.50
1.01
2.01
0.51
2.51
3.50
1.51
0.51
27.50
1.52
27.50
1.50
2.02
1.01
1.50
1.01
2.01
1.00
1.01
4.52
2.02
2.00
1.52
0.50
1.51
1.00
2.02
12.12
4.52
1.51
2.02
2.02
1.51
1.01
2.00
1.01
2.50
0.51
1.50
1.52
2.01
5.05
2.01
1.01
2.01
1.01
2.01
1.00
2.01
1.52
1.50
1.01
3.52
1.01
2.01
1.01
4.52
12.24
1.51
1.50
2.03
