1.00
2.01
1.01
4.55
2.01
2.01
1.99
2.02
2.48
2.51
1.00
2.02
1.50
3.05
1.01
1.00
1.49
5.05
2.50
2.50
1.51
2.02
1.51
2.49
1.51
1.51
2.01
1.50
14.07
2.50
1.52
3.00
1.01
2.02
1.98
1.52
1.50
2.51
2.02
31.34
1.50
2.01
0.51
2.02
1.50
4.55
25.50
2.50
2.50
1.50
1.50
2.50
1.01
5.50
1.01
1.51
1.01
3.98
11.06
3.50
1.01
3.50
2.00
2.00
1.01
2.51
1.01
1.99
2.51
2.00
1.50
3.03
1.01
5.00
1.51
2.02
1.00
2.01
2.00
2.01
1.00
3.02
1.49
3.03
1.50
2.51
1.50
3.57
9.60
2.00
1.00
2.51
1.01
2.50
1.49
2.50
1.49
2.01
4.02
31.50
