Linux 3.10.0-514.16.1.el7.x86_64 (c01-h11-r620.rdu.openstack.engineering.redhat.com_1.example.com) 	06/13/2017 	_x86_64_	(2 CPU)

02:24:39 AM     CPU      %usr     %nice      %sys   %iowait    %steal      %irq     %soft    %guest    %gnice     %idle
02:24:40 AM     all     50.00      0.00      0.50      0.00      0.00      0.00      0.00      0.00      0.00     49.50
02:24:40 AM       0      0.00      0.00      0.00      0.00      0.00      0.00      0.00      0.00      0.00    100.00
02:24:40 AM       1     99.00      0.00      1.00      0.00      0.00      0.00      0.00      0.00      0.00      0.00
02:24:41 AM     all     50.00      0.00      0.50      0.00      0.00      0.00      0.50      0.00      0.00     49.00
02:24:41 AM       0      2.00      0.00      0.00      0.00      0.00      0.00      0.00      0.00      0.00     98.00
02:24:41 AM       1    100.00      0.00      0.00      0.00      0.00      0.00      0.00      0.00      0.00      0.00
02:24:42 AM     all     50.50      0.00      0.50      0.00      0.00      0.00      0.00      0.00      0.00     49.00
02:24:42 AM       0     39.00      0.00      1.00      0.00      0.00      0.00      0.00      0.00      0.00     60.00
02:24:42 AM       1     62.00      0.00      0.00      0.00      0.00      0.00      0.00      0.00      0.00     38.00
02:24:43 AM     all     50.25      0.00      0.50      0.00      0.00      0.00      0.00      0.00      0.00     49.25
02:24:43 AM       0    100.00      0.00      0.00      0.00      0.00      0.00      0.00      0.00      0.00      0.00
02:24:43 AM       1      1.00      0.00      1.00      0.00      0.00      0.00      0.00      0.00      0.00     98.00
02:24:44 AM     all     50.51      0.00      0.00      0.00      0.00      0.00      0.00      0.00      0.00     49.49
02:24:44 AM       0     99.00      0.00      1.00      0.00      0.00      0.00      0.00      0.00      0.00      0.00
02:24:44 AM       1      1.01      0.00      0.00      0.00      0.00      0.00      0.00      0.00      0.00     98.99
02:24:45 AM     all     50.25      0.00      1.01      0.00      0.00      0.00      0.00      0.00      0.00     48.74
02:24:45 AM       0     98.99      0.00      1.01      0.00      0.00      0.00      0.00      0.00      0.00      0.00
02:24:45 AM       1      1.01      0.00      1.01      0.00      0.00      0.00      0.00      0.00      0.00     97.98
02:24:46 AM     all     50.00      0.00      0.50      0.00      0.00      0.00      0.00      0.00      0.00     49.50
02:24:46 AM       0    100.00      0.00      0.00      0.00      0.00      0.00      0.00      0.00      0.00      0.00
02:24:46 AM       1      1.01      0.00      0.00      0.00      0.00      0.00      0.00      0.00      0.00     98.99
02:24:47 AM     all     50.51      0.00      0.51      0.00      0.00      0.00      0.00      0.00      0.00     48.99
02:24:47 AM       0     99.00      0.00      1.00      0.00      0.00      0.00      0.00      0.00      0.00      0.00
02:24:47 AM       1      1.00      0.00      1.00      0.00      0.00      0.00      0.00      0.00      0.00     98.00
02:24:48 AM     all     50.25      0.00      0.50      0.00      0.00      0.00      0.00      0.00      0.00     49.25
02:24:48 AM       0    100.00      0.00      0.00      0.00      0.00      0.00      0.00      0.00      0.00      0.00
02:24:48 AM       1      1.01      0.00      1.01      0.00      0.00      0.00      0.00      0.00      0.00     97.98
02:24:49 AM     all     50.51      0.00      0.51      0.00      0.00      0.00      0.00      0.00      0.00     48.99
02:24:49 AM       0    100.00      0.00      0.00      0.00      0.00      0.00      0.00      0.00      0.00      0.00
02:24:49 AM       1      1.01      0.00      0.00      0.00      0.00      0.00      0.00      0.00      0.00     98.99
02:24:50 AM     all     50.25      0.00      0.50      0.00      0.00      0.00      0.00      0.00      0.00     49.25
02:24:50 AM       0     99.00      0.00      1.00      0.00      0.00      0.00      0.00      0.00      0.00      0.00
02:24:50 AM       1      1.00      0.00      1.00      0.00      0.00      0.00      0.00      0.00      0.00     98.00
02:24:51 AM     all     50.50      0.00      1.50      0.00      0.00      0.00      0.00      0.00      0.00     48.00
02:24:51 AM       0     99.00      0.00      1.00      0.00      0.00      0.00      0.00      0.00      0.00      0.00
02:24:51 AM       1      2.00      0.00      2.00      0.00      0.00      0.00      0.00      0.00      0.00     96.00
02:24:52 AM     all     51.26      0.00      3.02      0.00      0.00      0.00      0.00      0.00      0.00     45.73
02:24:52 AM       0    100.00      0.00      0.00      0.00      0.00      0.00      0.00      0.00      0.00      0.00
02:24:52 AM       1      3.03      0.00      5.05      0.00      0.00      0.00      0.00      0.00      0.00     91.92
02:24:53 AM     all     50.25      0.00      1.01      0.00      0.00      0.00      0.00      0.00      0.00     48.74
02:24:53 AM       0     99.00      0.00      1.00      0.00      0.00      0.00      0.00      0.00      0.00      0.00
02:24:53 AM       1      2.00      0.00      1.00      0.00      0.00      0.00      0.00      0.00      0.00     97.00
02:24:54 AM     all     50.25      0.00      0.50      0.00      0.00      0.00      0.00      0.00      0.00     49.25
02:24:54 AM       0    100.00      0.00      0.00      0.00      0.00      0.00      0.00      0.00      0.00      0.00
02:24:54 AM       1      0.00      0.00      1.01      0.00      0.00      0.00      0.00      0.00      0.00     98.99
02:24:55 AM     all     50.51      0.00      0.51      0.00      0.00      0.00      0.00      0.00      0.00     48.99
02:24:55 AM       0     99.00      0.00      1.00      0.00      0.00      0.00      0.00      0.00      0.00      0.00
02:24:55 AM       1      2.00      0.00      1.00      0.00      0.00      0.00      0.00      0.00      0.00     97.00
02:24:56 AM     all     50.25      0.00      0.50      0.00      0.00      0.00      0.00      0.00      0.00     49.25
02:24:56 AM       0    100.00      0.00      0.00      0.00      0.00      0.00      0.00      0.00      0.00      0.00
02:24:56 AM       1      1.00      0.00      1.00      0.00      0.00      0.00      0.00      0.00      0.00     98.00
02:24:57 AM     all     50.50      0.00      0.50      0.00      0.00      0.00      0.00      0.00      0.00     49.00
02:24:57 AM       0    100.00      0.00      0.00      0.00      0.00      0.00      0.00      0.00      0.00      0.00
02:24:57 AM       1      1.02      0.00      0.00      0.00      0.00      0.00      0.00      0.00      0.00     98.98
02:24:58 AM     all     50.25      0.00      1.01      0.00      0.00      0.00      0.00      0.00      0.00     48.74
02:24:58 AM       0     99.00      0.00      1.00      0.00      0.00      0.00      0.00      0.00      0.00      0.00
02:24:58 AM       1      1.00      0.00      2.00      0.00      0.00      0.00      0.00      0.00      0.00     97.00
02:24:59 AM     all     50.25      0.00      1.01      0.00      0.00      0.00      0.00      0.00      0.00     48.74
02:24:59 AM       0    100.00      0.00      0.00      0.00      0.00      0.00      0.00      0.00      0.00      0.00
02:24:59 AM       1      1.01      0.00      1.01      0.00      0.00      0.00      0.00      0.00      0.00     97.98
Average:        all     50.35      0.00      0.75      0.00      0.00      0.00      0.03      0.00      0.00     48.87
Average:          0     86.63      0.00      0.45      0.00      0.00      0.00      0.00      0.00      0.00     12.92
Average:          1     14.13      0.00      1.01      0.00      0.00      0.00      0.00      0.00      0.00     84.87

