1.01
5.08
2.51
2.01
1.01
3.03
1.52
2.51
1.01
2.51
0.50
2.53
14.07
2.51
1.01
3.02
1.01
3.02
26.26
2.53
1.01
1.52
1.00
3.03
1.01
5.56
1.02
2.00
1.01
2.02
1.01
2.53
1.01
1.51
1.01
3.03
1.01
4.04
1.50
1.52
1.51
2.02
12.06
1.52
1.01
5.58
26.63
1.51
0.51
2.01
1.51
2.02
1.01
2.53
1.01
2.51
1.01
1.51
1.01
4.04
1.51
1.50
1.01
2.53
1.01
3.03
1.50
2.54
1.00
2.53
1.00
1.52
14.07
2.54
1.01
3.02
3.02
2.53
26.13
2.50
1.01
2.51
1.01
4.50
1.01
3.03
1.01
2.00
1.01
2.53
1.00
2.01
1.01
2.02
1.01
3.00
3.52
2.01
1.01
2.53
