26.00
2.02
1.00
2.02
1.52
2.01
1.50
2.02
4.50
2.01
1.52
3.02
1.51
2.51
1.51
2.51
1.01
2.51
2.00
6.06
11.06
1.51
1.01
2.51
1.51
2.51
0.51
2.00
4.55
2.50
0.50
2.01
1.00
2.51
1.00
0.50
0.50
2.01
2.02
2.01
1.01
2.01
1.00
4.55
1.02
2.50
1.01
27.64
1.51
3.52
10.10
5.50
1.51
2.01
1.01
2.51
1.00
1.52
2.02
2.01
25.76
2.02
0.51
2.53
4.02
4.50
0.51
2.02
2.01
2.01
1.01
3.54
1.00
1.52
1.51
1.52
0.51
2.01
4.02
4.55
11.62
2.51
1.01
2.01
2.02
4.55
1.01
1.99
1.52
2.02
1.51
1.52
1.01
1.51
1.51
2.02
1.01
1.52
4.55
1.52
