2.50
1.01
2.02
1.01
1.51
1.01
2.00
3.03
6.06
1.01
2.00
1.01
2.02
1.00
2.02
1.01
1.51
2.01
2.53
1.51
1.52
1.01
2.51
3.54
2.51
1.01
11.62
2.51
2.54
1.50
2.02
1.01
5.03
1.01
1.51
1.50
2.02
1.51
2.01
27.27
2.51
1.50
1.52
1.49
2.02
1.01
5.03
28.00
1.52
2.01
1.51
1.01
2.53
1.01
1.50
1.01
15.66
2.53
1.52
2.01
3.03
1.51
1.51
0.51
2.01
0.51
2.51
4.04
3.52
1.52
2.01
1.01
4.52
1.01
2.02
1.51
1.51
1.52
2.01
4.52
2.01
1.01
2.01
0.51
3.50
1.51
10.61
2.02
5.00
1.52
2.01
1.01
2.02
1.01
2.50
0.50
1.52
2.00
2.02
27.27
