2.51
1.01
2.01
1.50
2.51
1.01
2.00
1.01
1.52
1.01
2.51
3.52
3.03
1.00
1.52
1.00
2.51
0.50
2.50
3.03
1.52
12.63
5.56
26.13
4.02
1.00
1.51
0.50
2.51
1.01
2.51
1.01
2.53
1.00
5.03
1.01
1.50
1.01
2.00
1.01
2.51
1.01
2.50
1.50
2.01
1.01
27.14
1.00
2.01
1.01
6.06
10.00
4.52
0.50
2.01
1.51
3.52
1.01
2.01
1.01
2.50
1.00
3.03
1.01
1.51
0.50
2.01
1.00
2.50
1.01
1.51
1.01
5.03
0.50
2.00
1.01
2.50
0.50
2.01
1.50
3.55
12.50
4.52
25.63
3.54
0.50
2.02
1.00
2.00
1.01
3.02
0.51
3.00
1.01
5.03
1.01
2.00
2.01
2.50
1.01
