0.50
1.50
0.50
0.50
0.50
1.00
0.51
2.01
0.50
1.00
0.50
3.00
0.51
1.00
0.51
1.01
0.50
1.51
0.50
1.50
0.51
8.04
0.50
1.01
1.00
1.01
14.50
1.52
1.00
0.51
1.00
1.01
0.50
3.00
0.50
1.01
0.50
1.52
0.50
1.01
0.50
1.51
0.50
1.50
0.50
1.00
16.16
2.00
0.50
1.00
1.01
7.04
0.51
0.50
0.50
3.00
1.52
1.51
0.50
1.00
1.01
1.01
0.50
1.50
0.50
0.51
0.50
4.00
0.51
1.00
1.00
1.01
0.50
1.50
0.00
1.50
0.50
1.51
0.50
0.50
1.01
8.54
1.00
0.51
0.50
1.50
14.57
2.53
0.50
1.49
0.51
1.00
0.50
1.51
0.50
1.01
0.50
2.01
0.50
0.50
