Linux 3.10.0-514.16.1.el7.x86_64 (b09-h23-r620.rdu.openstack.engineering.redhat.com_1.example.com) 	06/13/2017 	_x86_64_	(2 CPU)

02:21:22 AM     CPU      %usr     %nice      %sys   %iowait    %steal      %irq     %soft    %guest    %gnice     %idle
02:21:23 AM     all     50.25      0.00      1.51      0.00      0.00      0.00      0.00      0.00      0.00     48.24
02:21:23 AM       0     21.21      0.00      2.02      0.00      0.00      0.00      0.00      0.00      0.00     76.77
02:21:23 AM       1     78.00      0.00      1.00      0.00      0.00      0.00      0.00      0.00      0.00     21.00
02:21:24 AM     all     50.50      0.00      2.00      0.00      0.00      0.00      0.00      0.00      0.00     47.50
02:21:24 AM       0      1.00      0.00      4.00      0.00      0.00      0.00      0.00      0.00      0.00     95.00
02:21:24 AM       1     99.01      0.00      0.99      0.00      0.00      0.00      0.00      0.00      0.00      0.00
02:21:25 AM     all     50.25      0.00      0.50      0.00      0.00      0.00      0.00      0.00      0.00     49.25
02:21:25 AM       0      1.02      0.00      0.00      0.00      0.00      0.00      0.00      0.00      0.00     98.98
02:21:25 AM       1    100.00      0.00      0.00      0.00      0.00      0.00      0.00      0.00      0.00      0.00
02:21:26 AM     all     50.75      0.00      0.00      0.00      0.00      0.00      0.00      0.00      0.00     49.25
02:21:26 AM       0      1.00      0.00      0.00      0.00      0.00      0.00      0.00      0.00      0.00     99.00
02:21:26 AM       1    100.00      0.00      0.00      0.00      0.00      0.00      0.00      0.00      0.00      0.00
02:21:27 AM     all     50.50      0.00      0.50      0.00      0.00      0.00      0.00      0.00      0.00     49.00
02:21:27 AM       0      1.98      0.00      0.99      0.00      0.00      0.00      0.00      0.00      0.00     97.03
02:21:27 AM       1     99.01      0.00      0.99      0.00      0.00      0.00      0.00      0.00      0.00      0.00
02:21:28 AM     all     50.25      0.00      0.00      0.00      0.00      0.00      0.00      0.00      0.00     49.75
02:21:28 AM       0      0.00      0.00      0.00      0.00      0.00      0.00      0.00      0.00      0.00    100.00
02:21:28 AM       1    100.00      0.00      0.00      0.00      0.00      0.00      0.00      0.00      0.00      0.00
02:21:29 AM     all     51.76      0.00      1.01      0.00      0.00      0.00      0.00      0.00      0.00     47.24
02:21:29 AM       0      4.00      0.00      1.00      0.00      0.00      0.00      0.00      0.00      0.00     95.00
02:21:29 AM       1    100.00      0.00      0.00      0.00      0.00      0.00      0.00      0.00      0.00      0.00
02:21:30 AM     all     50.50      0.00      0.00      0.00      0.00      0.00      0.00      0.00      0.00     49.50
02:21:30 AM       0      0.00      0.00      0.00      0.00      0.00      0.00      0.00      0.00      0.00    100.00
02:21:30 AM       1     99.01      0.00      0.99      0.00      0.00      0.00      0.00      0.00      0.00      0.00
02:21:31 AM     all     50.00      0.00      1.00      0.00      0.00      0.00      0.00      0.00      0.00     49.00
02:21:31 AM       0     50.50      0.00      0.99      0.00      0.00      0.00      0.00      0.00      0.00     48.51
02:21:31 AM       1     50.00      0.00      0.00      0.00      0.00      0.00      0.00      0.00      0.00     50.00
02:21:32 AM     all     50.75      0.00      0.50      0.00      0.00      0.00      0.00      0.00      0.00     48.74
02:21:32 AM       0     99.01      0.00      0.99      0.00      0.00      0.00      0.00      0.00      0.00      0.00
02:21:32 AM       1      1.98      0.00      0.99      0.00      0.00      0.00      0.00      0.00      0.00     97.03
02:21:33 AM     all     50.75      0.00      1.01      0.00      0.00      0.00      0.00      0.00      0.00     48.24
02:21:33 AM       0    100.00      0.00      0.00      0.00      0.00      0.00      0.00      0.00      0.00      0.00
02:21:33 AM       1      2.00      0.00      2.00      0.00      0.00      0.00      0.00      0.00      0.00     96.00
02:21:34 AM     all     50.00      0.00      0.50      0.00      0.00      0.00      0.00      0.00      0.00     49.50
02:21:34 AM       0    100.00      0.00      0.00      0.00      0.00      0.00      0.00      0.00      0.00      0.00
02:21:34 AM       1      0.00      0.00      0.00      0.00      0.00      0.00      0.00      0.00      0.00    100.00
02:21:35 AM     all     51.76      0.00      4.02      0.00      0.00      0.00      0.00      0.00      0.00     44.22
02:21:35 AM       0    100.00      0.00      0.00      0.00      0.00      0.00      0.00      0.00      0.00      0.00
02:21:35 AM       1      3.00      0.00      8.00      0.00      0.00      0.00      0.00      0.00      0.00     89.00
02:21:36 AM     all     50.25      0.00      0.00      0.00      0.00      0.00      0.00      0.00      0.00     49.75
02:21:36 AM       0     62.00      0.00      1.00      0.00      0.00      0.00      0.00      0.00      0.00     37.00
02:21:36 AM       1     37.37      0.00      0.00      0.00      0.00      0.00      0.00      0.00      0.00     62.63
02:21:37 AM     all     50.75      0.00      0.50      0.00      0.00      0.00      0.00      0.00      0.00     48.74
02:21:37 AM       0      2.02      0.00      0.00      0.00      0.00      0.00      0.00      0.00      0.00     97.98
02:21:37 AM       1     99.01      0.00      0.99      0.00      0.00      0.00      0.00      0.00      0.00      0.00
02:21:38 AM     all     50.00      0.00      0.50      0.00      0.00      0.00      0.00      0.00      0.00     49.50
02:21:38 AM       0      1.00      0.00      0.00      0.00      0.00      0.00      0.00      0.00      0.00     99.00
02:21:38 AM       1     99.00      0.00      0.00      0.00      0.00      0.00      1.00      0.00      0.00      0.00
02:21:39 AM     all     50.50      0.00      1.00      0.00      0.00      0.00      0.00      0.00      0.00     48.50
02:21:39 AM       0      0.00      0.00      2.02      0.00      0.00      0.00      0.00      0.00      0.00     97.98
02:21:39 AM       1     99.01      0.00      0.99      0.00      0.00      0.00      0.00      0.00      0.00      0.00
02:21:40 AM     all     50.25      0.00      0.50      0.00      0.00      0.00      0.00      0.00      0.00     49.25
02:21:40 AM       0      1.01      0.00      0.00      0.00      0.00      0.00      0.00      0.00      0.00     98.99
02:21:40 AM       1    100.00      0.00      0.00      0.00      0.00      0.00      0.00      0.00      0.00      0.00
02:21:41 AM     all     50.75      0.00      0.50      0.00      0.00      0.00      0.00      0.00      0.00     48.74
02:21:41 AM       0      2.00      0.00      1.00      0.00      0.00      0.00      0.00      0.00      0.00     97.00
02:21:41 AM       1     99.01      0.00      0.99      0.00      0.00      0.00      0.00      0.00      0.00      0.00
02:21:42 AM     all     50.00      0.00      0.50      0.00      0.00      0.00      0.50      0.00      0.00     49.00
02:21:42 AM       0      0.00      0.00      0.00      0.00      0.00      0.00      0.00      0.00      0.00    100.00
02:21:42 AM       1    100.00      0.00      0.00      0.00      0.00      0.00      0.00      0.00      0.00      0.00
Average:        all     50.53      0.00      0.80      0.00      0.00      0.00      0.03      0.00      0.00     48.65
Average:          0     27.54      0.00      0.70      0.00      0.00      0.00      0.00      0.00      0.00     71.76
Average:          1     73.37      0.00      0.90      0.00      0.00      0.00      0.05      0.00      0.00     25.68

