Linux 3.10.0-514.16.1.el7.x86_64 (b10-h18-r620.rdu.openstack.engineering.redhat.com_4.example.com) 	06/13/2017 	_x86_64_	(2 CPU)

02:25:03 AM     CPU      %usr     %nice      %sys   %iowait    %steal      %irq     %soft    %guest    %gnice     %idle
02:25:04 AM     all     50.75      0.00      0.50      0.00      0.00      0.00      0.00      0.00      0.00     48.74
02:25:04 AM       0    100.00      0.00      0.00      0.00      0.00      0.00      0.00      0.00      0.00      0.00
02:25:04 AM       1      1.00      0.00      2.00      0.00      0.00      0.00      0.00      0.00      0.00     97.00
02:25:05 AM     all     50.00      0.00      0.50      0.00      0.00      0.00      0.00      0.00      0.00     49.50
02:25:05 AM       0     99.00      0.00      1.00      0.00      0.00      0.00      0.00      0.00      0.00      0.00
02:25:05 AM       1      1.00      0.00      0.00      0.00      0.00      0.00      0.00      0.00      0.00     99.00
02:25:06 AM     all     50.51      0.00      0.51      0.00      0.00      0.00      0.00      0.00      0.00     48.99
02:25:06 AM       0    100.00      0.00      0.00      0.00      0.00      0.00      0.00      0.00      0.00      0.00
02:25:06 AM       1      1.01      0.00      1.01      0.00      0.00      0.00      0.00      0.00      0.00     97.98
02:25:07 AM     all     50.00      0.00      0.50      0.00      0.00      0.00      0.00      0.00      0.00     49.50
02:25:07 AM       0    100.00      0.00      0.00      0.00      0.00      0.00      0.00      0.00      0.00      0.00
02:25:07 AM       1      0.99      0.00      0.99      0.00      0.00      0.00      0.00      0.00      0.00     98.02
02:25:08 AM     all     50.50      0.00      1.00      0.00      0.00      0.00      0.00      0.00      0.00     48.50
02:25:08 AM       0     99.01      0.00      0.99      0.00      0.00      0.00      0.00      0.00      0.00      0.00
02:25:08 AM       1      0.00      0.00      1.02      0.00      0.00      0.00      0.00      0.00      0.00     98.98
02:25:09 AM     all     49.75      0.00      0.50      0.00      0.00      0.00      0.50      0.00      0.00     49.25
02:25:09 AM       0    100.00      0.00      0.00      0.00      0.00      0.00      0.00      0.00      0.00      0.00
02:25:09 AM       1      1.01      0.00      0.00      0.00      0.00      0.00      0.00      0.00      0.00     98.99
02:25:10 AM     all     51.00      0.00      1.00      0.00      0.00      0.00      0.00      0.00      0.00     48.00
02:25:10 AM       0    100.00      0.00      0.00      0.00      0.00      0.00      0.00      0.00      0.00      0.00
02:25:10 AM       1      2.00      0.00      2.00      0.00      0.00      0.00      0.00      0.00      0.00     96.00
02:25:11 AM     all     50.50      0.00      0.50      0.00      0.00      0.00      0.00      0.00      0.00     49.00
02:25:11 AM       0     98.02      0.00      0.99      0.00      0.00      0.00      0.99      0.00      0.00      0.00
02:25:11 AM       1      1.00      0.00      1.00      0.00      0.00      0.00      0.00      0.00      0.00     98.00
02:25:12 AM     all     51.26      0.00      4.52      0.00      0.00      0.00      0.00      0.00      0.00     44.22
02:25:12 AM       0    100.00      0.00      0.00      0.00      0.00      0.00      0.00      0.00      0.00      0.00
02:25:12 AM       1      3.03      0.00      8.08      0.00      0.00      0.00      0.00      0.00      0.00     88.89
02:25:13 AM     all     50.25      0.00      0.50      0.00      0.00      0.00      0.00      0.00      0.00     49.25
02:25:13 AM       0     99.00      0.00      1.00      0.00      0.00      0.00      0.00      0.00      0.00      0.00
02:25:13 AM       1      1.00      0.00      1.00      0.00      0.00      0.00      0.00      0.00      0.00     98.00
02:25:14 AM     all     50.50      0.00      0.50      0.00      0.00      0.00      0.00      0.00      0.00     49.00
02:25:14 AM       0    100.00      0.00      0.00      0.00      0.00      0.00      0.00      0.00      0.00      0.00
02:25:14 AM       1      1.00      0.00      1.00      0.00      0.00      0.00      0.00      0.00      0.00     98.00
02:25:15 AM     all     50.00      0.00      0.50      0.00      0.00      0.00      0.00      0.00      0.00     49.50
02:25:15 AM       0     25.25      0.00      0.00      0.00      0.00      0.00      0.00      0.00      0.00     74.75
02:25:15 AM       1     75.76      0.00      0.00      0.00      0.00      0.00      0.00      0.00      0.00     24.24
02:25:16 AM     all     50.51      0.00      0.51      0.00      0.00      0.00      0.00      0.00      0.00     48.99
02:25:16 AM       0     99.01      0.00      0.99      0.00      0.00      0.00      0.00      0.00      0.00      0.00
02:25:16 AM       1      1.00      0.00      1.00      0.00      0.00      0.00      0.00      0.00      0.00     98.00
02:25:17 AM     all     50.50      0.00      0.50      0.00      0.00      0.00      0.00      0.00      0.00     49.00
02:25:17 AM       0    100.00      0.00      0.00      0.00      0.00      0.00      0.00      0.00      0.00      0.00
02:25:17 AM       1      1.00      0.00      1.00      0.00      0.00      0.00      0.00      0.00      0.00     98.00
02:25:18 AM     all     50.25      0.00      1.00      0.00      0.00      0.00      0.00      0.00      0.00     48.76
02:25:18 AM       0    100.00      0.00      0.00      0.00      0.00      0.00      0.00      0.00      0.00      0.00
02:25:18 AM       1      1.01      0.00      1.01      0.00      0.00      0.00      0.00      0.00      0.00     97.98
02:25:19 AM     all     50.25      0.00      0.50      0.00      0.00      0.00      0.00      0.00      0.00     49.25
02:25:19 AM       0     99.00      0.00      1.00      0.00      0.00      0.00      0.00      0.00      0.00      0.00
02:25:19 AM       1      1.98      0.00      0.99      0.00      0.00      0.00      0.00      0.00      0.00     97.03
02:25:20 AM     all     50.25      0.00      0.50      0.00      0.00      0.00      0.00      0.00      0.00     49.25
02:25:20 AM       0     66.00      0.00      0.00      0.00      0.00      0.00      0.00      0.00      0.00     34.00
02:25:20 AM       1     34.34      0.00      1.01      0.00      0.00      0.00      0.00      0.00      0.00     64.65
02:25:21 AM     all     50.50      0.00      0.50      0.00      0.00      0.00      0.00      0.00      0.00     49.00
02:25:21 AM       0      1.01      0.00      0.00      0.00      0.00      0.00      0.00      0.00      0.00     98.99
02:25:21 AM       1    100.00      0.00      0.00      0.00      0.00      0.00      0.00      0.00      0.00      0.00
02:25:22 AM     all     50.75      0.00      0.50      0.00      0.00      0.00      0.00      0.00      0.00     48.74
02:25:22 AM       0      1.00      0.00      1.00      0.00      0.00      0.00      0.00      0.00      0.00     98.00
02:25:22 AM       1     99.01      0.00      0.99      0.00      0.00      0.00      0.00      0.00      0.00      0.00
02:25:23 AM     all     50.00      0.00      0.50      0.00      0.00      0.00      0.00      0.00      0.00     49.50
02:25:23 AM       0      1.01      0.00      0.00      0.00      0.00      0.00      0.00      0.00      0.00     98.99
02:25:23 AM       1    100.00      0.00      0.00      0.00      0.00      0.00      0.00      0.00      0.00      0.00
Average:        all     50.40      0.00      0.78      0.00      0.00      0.00      0.03      0.00      0.00     48.80
Average:          0     79.46      0.00      0.35      0.00      0.00      0.00      0.05      0.00      0.00     20.14
Average:          1     21.32      0.00      1.20      0.00      0.00      0.00      0.00      0.00      0.00     77.47

