1.51
2.01
1.01
2.01
1.01
1.52
1.00
15.23
2.51
1.52
1.50
1.52
1.00
2.50
1.01
2.00
1.01
5.00
1.01
2.01
2.02
2.51
1.01
2.50
0.51
2.02
0.50
2.51
1.01
2.01
1.51
5.03
0.50
3.50
1.52
2.01
0.50
12.12
2.01
1.52
1.50
5.03
0.50
1.52
1.00
1.52
17.59
12.06
0.50
19.10
6.57
2.00
1.01
2.51
1.01
5.05
1.01
2.51
1.00
2.02
1.51
2.01
1.01
1.52
1.01
4.04
1.51
15.23
2.02
3.00
1.01
2.53
2.00
1.51
1.01
4.55
1.01
2.51
1.01
2.02
3.00
2.02
1.01
2.01
1.51
2.00
1.01
4.55
2.00
2.02
1.01
2.51
1.01
1.51
2.03
3.00
1.01
12.63
4.50
1.52
