1.00
0.50
1.01
0.50
1.49
0.50
7.50
0.50
0.50
0.50
1.51
1.00
0.50
0.50
1.01
0.50
1.01
0.50
1.00
0.00
2.51
0.50
1.00
0.50
1.01
1.01
1.01
0.50
1.00
0.50
1.01
0.50
1.01
2.00
1.51
0.50
7.00
0.50
13.00
1.51
2.01
0.50
0.50
0.50
1.01
1.00
0.50
13.50
2.03
1.00
1.01
0.50
2.50
0.50
0.51
0.50
1.01
0.50
1.00
0.50
1.01
0.50
1.01
0.50
1.01
0.50
8.50
0.50
1.00
0.50
1.51
0.50
1.01
0.50
2.51
0.50
1.50
0.00
1.01
0.50
1.50
0.50
1.01
0.50
0.51
0.50
1.50
0.50
1.99
0.00
1.00
0.50
1.50
0.50
0.50
1.01
8.54
0.50
12.56
1.50
