1.01
1.50
1.00
2.02
1.51
1.51
26.13
2.02
1.01
1.52
1.01
1.52
1.00
5.03
1.01
2.50
0.50
2.01
1.01
2.51
1.50
1.51
0.51
2.00
1.01
5.00
1.52
3.02
11.62
2.51
1.51
1.01
0.50
5.53
1.01
2.03
1.01
2.50
1.50
2.03
1.00
2.51
0.51
3.52
1.01
5.53
2.51
26.63
1.01
2.01
0.51
1.52
1.50
2.01
1.52
2.02
1.01
1.52
13.50
2.53
0.50
2.50
1.01
1.51
1.00
2.53
26.13
2.51
4.02
1.51
1.01
2.03
2.99
2.02
1.51
3.00
0.51
2.51
1.01
2.00
0.51
5.03
1.00
2.00
0.51
2.51
1.51
2.01
13.13
3.52
1.01
2.02
1.00
2.02
1.01
3.00
0.51
2.50
1.51
1.51
