1.01
2.51
1.01
3.02
1.01
15.58
2.02
2.01
1.01
1.52
1.01
1.51
1.52
3.00
1.01
5.03
0.51
1.51
1.01
2.02
1.52
1.51
1.01
2.02
3.02
1.52
1.50
2.02
1.01
5.50
1.02
2.51
0.51
2.53
1.52
10.61
1.52
4.55
1.01
2.51
1.51
2.54
1.01
2.53
1.52
2.01
0.51
27.50
25.25
3.02
1.52
5.03
1.01
1.51
2.02
2.51
1.01
2.51
1.01
2.53
1.51
2.02
1.01
1.52
4.55
12.12
2.01
2.03
0.51
2.51
2.02
4.52
1.51
1.52
2.01
2.51
1.01
2.53
1.01
2.02
1.52
1.51
1.01
2.01
5.05
1.52
1.01
2.53
1.00
4.55
1.51
2.53
0.51
2.01
2.02
14.72
3.02
2.02
1.01
2.01
