Linux 3.10.0-514.16.1.el7.x86_64 (b09-h05-r620.rdu.openstack.engineering.redhat.com_1.example.com) 	06/13/2017 	_x86_64_	(2 CPU)

02:19:12 AM     CPU      %usr     %nice      %sys   %iowait    %steal      %irq     %soft    %guest    %gnice     %idle
02:19:13 AM     all     50.25      0.00      1.49      0.00      0.00      0.00      0.00      0.00      0.00     48.26
02:19:13 AM       0      1.98      0.00      1.98      0.00      0.00      0.00      0.00      0.00      0.00     96.04
02:19:13 AM       1     99.01      0.00      0.99      0.00      0.00      0.00      0.00      0.00      0.00      0.00
02:19:14 AM     all     50.50      0.00      0.50      0.00      0.00      0.00      0.00      0.00      0.00     49.00
02:19:14 AM       0      1.00      0.00      1.00      0.00      0.00      0.00      0.00      0.00      0.00     98.00
02:19:14 AM       1    100.00      0.00      0.00      0.00      0.00      0.00      0.00      0.00      0.00      0.00
02:19:15 AM     all     49.50      0.00      1.00      0.00      0.00      0.00      0.00      0.00      0.00     49.50
02:19:15 AM       0     88.00      0.00      1.00      0.00      0.00      0.00      0.00      0.00      0.00     11.00
02:19:15 AM       1     11.00      0.00      1.00      0.00      0.00      0.00      0.00      0.00      0.00     88.00
02:19:16 AM     all     50.00      0.00      1.00      0.00      0.00      0.00      0.00      0.00      0.00     49.00
02:19:16 AM       0     99.00      0.00      1.00      0.00      0.00      0.00      0.00      0.00      0.00      0.00
02:19:16 AM       1      0.00      0.00      1.01      0.00      0.00      0.00      0.00      0.00      0.00     98.99
02:19:17 AM     all     51.00      0.00      4.50      0.00      0.00      0.00      0.00      0.00      0.00     44.50
02:19:17 AM       0    100.00      0.00      0.00      0.00      0.00      0.00      0.00      0.00      0.00      0.00
02:19:17 AM       1      3.00      0.00      8.00      0.00      0.00      0.00      0.00      0.00      0.00     89.00
02:19:18 AM     all     49.75      0.00      1.01      0.00      0.00      0.00      0.00      0.00      0.00     49.25
02:19:18 AM       0     99.00      0.00      1.00      0.00      0.00      0.00      0.00      0.00      0.00      0.00
02:19:18 AM       1      0.99      0.00      0.99      0.00      0.00      0.00      0.00      0.00      0.00     98.02
02:19:19 AM     all     50.00      0.00      1.00      0.00      0.00      0.00      0.00      0.00      0.00     49.00
02:19:19 AM       0     43.56      0.00      0.99      0.00      0.00      0.00      0.00      0.00      0.00     55.45
02:19:19 AM       1     56.00      0.00      2.00      0.00      0.00      0.00      0.00      0.00      0.00     42.00
02:19:20 AM     all     49.50      0.00      1.00      0.00      0.00      0.00      0.00      0.00      0.00     49.50
02:19:20 AM       0     47.00      0.00      1.00      0.00      0.00      0.00      0.00      0.00      0.00     52.00
02:19:20 AM       1     52.00      0.00      1.00      0.00      0.00      0.00      0.00      0.00      0.00     47.00
02:19:21 AM     all     50.50      0.00      1.50      0.00      0.00      0.00      0.00      0.00      0.00     48.00
02:19:21 AM       0    100.00      0.00      0.00      0.00      0.00      0.00      0.00      0.00      0.00      0.00
02:19:21 AM       1      2.00      0.00      2.00      0.00      0.00      0.00      0.00      0.00      0.00     96.00
02:19:22 AM     all     49.75      0.00      0.50      0.00      0.00      0.00      0.00      0.00      0.00     49.75
02:19:22 AM       0     33.00      0.00      0.00      0.00      0.00      0.00      0.00      0.00      0.00     67.00
02:19:22 AM       1     66.00      0.00      2.00      0.00      0.00      0.00      0.00      0.00      0.00     32.00
02:19:23 AM     all     50.25      0.00      1.49      0.00      0.00      0.00      0.00      0.00      0.00     48.26
02:19:23 AM       0     99.00      0.00      1.00      0.00      0.00      0.00      0.00      0.00      0.00      0.00
02:19:23 AM       1      2.00      0.00      1.00      0.00      0.00      0.00      0.00      0.00      0.00     97.00
02:19:24 AM     all     50.25      0.00      0.50      0.00      0.00      0.00      0.00      0.00      0.00     49.25
02:19:24 AM       0    100.00      0.00      0.00      0.00      0.00      0.00      0.00      0.00      0.00      0.00
02:19:24 AM       1      0.99      0.00      0.99      0.00      0.00      0.00      0.00      0.00      0.00     98.02
02:19:25 AM     all     50.75      0.00      0.50      0.00      0.00      0.00      0.00      0.00      0.00     48.74
02:19:25 AM       0     99.00      0.00      1.00      0.00      0.00      0.00      0.00      0.00      0.00      0.00
02:19:25 AM       1      1.01      0.00      1.01      0.00      0.00      0.00      0.00      0.00      0.00     97.98
02:19:26 AM     all     50.00      0.00      1.00      0.00      0.00      0.00      0.00      0.00      0.00     49.00
02:19:26 AM       0    100.00      0.00      0.00      0.00      0.00      0.00      0.00      0.00      0.00      0.00
02:19:26 AM       1      0.99      0.00      1.98      0.00      0.00      0.00      0.00      0.00      0.00     97.03
02:19:27 AM     all     50.50      0.00      1.00      0.00      0.00      0.00      0.00      0.00      0.00     48.50
02:19:27 AM       0    100.00      0.00      0.00      0.00      0.00      0.00      0.00      0.00      0.00      0.00
02:19:27 AM       1      1.01      0.00      1.01      0.00      0.00      0.00      0.00      0.00      0.00     97.98
02:19:28 AM     all     50.00      0.00      0.50      0.00      0.00      0.00      0.00      0.00      0.00     49.50
02:19:28 AM       0    100.00      0.00      0.00      0.00      0.00      0.00      0.00      0.00      0.00      0.00
02:19:28 AM       1      0.99      0.00      1.98      0.00      0.00      0.00      0.00      0.00      0.00     97.03
02:19:29 AM     all     50.50      0.00      1.00      0.00      0.00      0.00      0.00      0.00      0.00     48.50
02:19:29 AM       0    100.00      0.00      0.00      0.00      0.00      0.00      0.00      0.00      0.00      0.00
02:19:29 AM       1      1.00      0.00      1.00      0.00      0.00      0.00      0.00      0.00      0.00     98.00
02:19:30 AM     all     50.25      0.00      1.00      0.00      0.00      0.00      0.00      0.00      0.00     48.76
02:19:30 AM       0     99.00      0.00      1.00      0.00      0.00      0.00      0.00      0.00      0.00      0.00
02:19:30 AM       1      1.00      0.00      1.00      0.00      0.00      0.00      0.00      0.00      0.00     98.00
02:19:31 AM     all     51.00      0.00      1.00      0.00      0.00      0.00      0.00      0.00      0.00     48.00
02:19:31 AM       0     99.00      0.00      1.00      0.00      0.00      0.00      0.00      0.00      0.00      0.00
02:19:31 AM       1      2.97      0.00      1.98      0.00      0.00      0.00      0.00      0.00      0.00     95.05
02:19:32 AM     all     50.00      0.00      0.50      0.00      0.00      0.00      0.00      0.00      0.00     49.50
02:19:32 AM       0     52.00      0.00      0.00      0.00      0.00      0.00      0.00      0.00      0.00     48.00
02:19:32 AM       1     48.00      0.00      1.00      0.00      0.00      0.00      0.00      0.00      0.00     51.00
Average:        all     50.21      0.00      1.10      0.00      0.00      0.00      0.00      0.00      0.00     48.69
Average:          0     77.94      0.00      0.60      0.00      0.00      0.00      0.00      0.00      0.00     21.46
Average:          1     22.52      0.00      1.60      0.00      0.00      0.00      0.00      0.00      0.00     75.89

