Linux 3.10.0-514.16.1.el7.x86_64 (b09-h14-r620.rdu.openstack.engineering.redhat.com_1.example.com) 	06/13/2017 	_x86_64_	(2 CPU)

02:21:42 AM     CPU      %usr     %nice      %sys   %iowait    %steal      %irq     %soft    %guest    %gnice     %idle
02:21:43 AM     all     50.75      0.00      0.50      0.00      0.00      0.00      0.00      0.00      0.00     48.74
02:21:43 AM       0      1.01      0.00      1.01      0.00      0.00      0.00      0.00      0.00      0.00     97.98
02:21:43 AM       1     99.01      0.00      0.99      0.00      0.00      0.00      0.00      0.00      0.00      0.00
02:21:44 AM     all     50.50      0.00      0.50      0.00      0.00      0.00      0.00      0.00      0.00     49.00
02:21:44 AM       0      1.00      0.00      1.00      0.00      0.00      0.00      0.00      0.00      0.00     98.00
02:21:44 AM       1    100.00      0.00      0.00      0.00      0.00      0.00      0.00      0.00      0.00      0.00
02:21:45 AM     all     50.00      0.00      1.00      0.00      0.00      0.00      0.00      0.00      0.00     49.00
02:21:45 AM       0      1.00      0.00      1.00      0.00      0.00      0.00      0.00      0.00      0.00     98.00
02:21:45 AM       1    100.00      0.00      0.00      0.00      0.00      0.00      0.00      0.00      0.00      0.00
02:21:46 AM     all     51.00      0.00      1.00      0.00      0.00      0.00      0.00      0.00      0.00     48.00
02:21:46 AM       0      2.02      0.00      1.01      0.00      0.00      0.00      0.00      0.00      0.00     96.97
02:21:46 AM       1     99.00      0.00      1.00      0.00      0.00      0.00      0.00      0.00      0.00      0.00
02:21:47 AM     all     50.25      0.00      0.50      0.00      0.00      0.00      0.00      0.00      0.00     49.25
02:21:47 AM       0     32.00      0.00      1.00      0.00      0.00      0.00      0.00      0.00      0.00     67.00
02:21:47 AM       1     67.65      0.00      0.98      0.00      0.00      0.00      0.98      0.00      0.00     30.39
02:21:48 AM     all     50.25      0.00      0.50      0.00      0.00      0.00      0.00      0.00      0.00     49.25
02:21:48 AM       0     99.00      0.00      1.00      0.00      0.00      0.00      0.00      0.00      0.00      0.00
02:21:48 AM       1      1.00      0.00      0.00      0.00      0.00      0.00      0.00      0.00      0.00     99.00
02:21:49 AM     all     50.50      0.00      0.50      0.00      0.00      0.00      0.00      0.00      0.00     49.00
02:21:49 AM       0     99.00      0.00      1.00      0.00      0.00      0.00      0.00      0.00      0.00      0.00
02:21:49 AM       1      1.02      0.00      0.00      0.00      0.00      0.00      0.00      0.00      0.00     98.98
02:21:50 AM     all     50.25      0.00      0.50      0.00      0.00      0.00      0.00      0.00      0.00     49.25
02:21:50 AM       0    100.00      0.00      0.00      0.00      0.00      0.00      0.00      0.00      0.00      0.00
02:21:50 AM       1      1.00      0.00      0.00      0.00      0.00      0.00      0.00      0.00      0.00     99.00
02:21:51 AM     all     50.50      0.00      0.50      0.00      0.00      0.00      0.00      0.00      0.00     49.00
02:21:51 AM       0    100.00      0.00      0.00      0.00      0.00      0.00      0.00      0.00      0.00      0.00
02:21:51 AM       1      1.01      0.00      1.01      0.00      0.00      0.00      0.00      0.00      0.00     97.98
02:21:52 AM     all     50.75      0.00      0.00      0.00      0.00      0.00      0.00      0.00      0.00     49.25
02:21:52 AM       0     99.00      0.00      1.00      0.00      0.00      0.00      0.00      0.00      0.00      0.00
02:21:52 AM       1      1.00      0.00      0.00      0.00      0.00      0.00      0.00      0.00      0.00     99.00
02:21:53 AM     all     50.75      0.00      0.50      0.00      0.00      0.00      0.00      0.00      0.00     48.74
02:21:53 AM       0    100.00      0.00      0.00      0.00      0.00      0.00      0.00      0.00      0.00      0.00
02:21:53 AM       1      2.00      0.00      1.00      0.00      0.00      0.00      0.00      0.00      0.00     97.00
02:21:54 AM     all     50.00      0.00      0.50      0.00      0.00      0.00      0.00      0.00      0.00     49.50
02:21:54 AM       0     99.00      0.00      1.00      0.00      0.00      0.00      0.00      0.00      0.00      0.00
02:21:54 AM       1      1.01      0.00      0.00      0.00      0.00      0.00      0.00      0.00      0.00     98.99
02:21:55 AM     all     50.51      0.00      0.51      0.00      0.00      0.00      0.00      0.00      0.00     48.99
02:21:55 AM       0    100.00      0.00      0.00      0.00      0.00      0.00      0.00      0.00      0.00      0.00
02:21:55 AM       1      0.00      0.00      1.01      0.00      0.00      0.00      0.00      0.00      0.00     98.99
02:21:56 AM     all     50.00      0.00      1.00      0.00      0.00      0.00      0.00      0.00      0.00     49.00
02:21:56 AM       0      1.00      0.00      1.00      0.00      0.00      0.00      0.00      0.00      0.00     98.00
02:21:56 AM       1     99.00      0.00      1.00      0.00      0.00      0.00      0.00      0.00      0.00      0.00
02:21:57 AM     all     50.50      0.00      1.00      0.00      0.00      0.00      0.00      0.00      0.00     48.50
02:21:57 AM       0      1.01      0.00      1.01      0.00      0.00      0.00      0.00      0.00      0.00     97.98
02:21:57 AM       1    100.00      0.00      0.00      0.00      0.00      0.00      0.00      0.00      0.00      0.00
02:21:58 AM     all     49.75      0.00      0.50      0.00      0.00      0.00      0.50      0.00      0.00     49.25
02:21:58 AM       0      0.00      0.00      1.01      0.00      0.00      0.00      0.00      0.00      0.00     98.99
02:21:58 AM       1    100.00      0.00      0.00      0.00      0.00      0.00      0.00      0.00      0.00      0.00
02:21:59 AM     all     50.75      0.00      0.50      0.00      0.00      0.00      0.00      0.00      0.00     48.74
02:21:59 AM       0      1.98      0.00      0.99      0.00      0.00      0.00      0.00      0.00      0.00     97.03
02:21:59 AM       1     99.00      0.00      1.00      0.00      0.00      0.00      0.00      0.00      0.00      0.00
02:22:00 AM     all     50.51      0.00      0.00      0.00      0.00      0.00      0.00      0.00      0.00     49.49
02:22:00 AM       0     24.49      0.00      0.00      0.00      0.00      0.00      0.00      0.00      0.00     75.51
02:22:00 AM       1     76.00      0.00      0.00      0.00      0.00      0.00      0.00      0.00      0.00     24.00
02:22:01 AM     all     51.50      0.00      0.50      0.00      0.00      0.00      0.00      0.00      0.00     48.00
02:22:01 AM       0     33.66      0.00      0.99      0.00      0.00      0.00      0.00      0.00      0.00     65.35
02:22:01 AM       1     70.00      0.00      0.00      0.00      0.00      0.00      0.00      0.00      0.00     30.00
02:22:02 AM     all     50.50      0.00      0.50      0.00      0.00      0.00      0.00      0.00      0.00     49.00
02:22:02 AM       0     21.00      0.00      1.00      0.00      0.00      0.00      0.00      0.00      0.00     78.00
02:22:02 AM       1     80.00      0.00      0.00      0.00      0.00      0.00      0.00      0.00      0.00     20.00
Average:        all     50.48      0.00      0.55      0.00      0.00      0.00      0.03      0.00      0.00     48.95
Average:          0     45.89      0.00      0.75      0.00      0.00      0.00      0.00      0.00      0.00     53.36
Average:          1     55.01      0.00      0.40      0.00      0.00      0.00      0.05      0.00      0.00     44.54

