1.01
2.51
0.50
2.01
0.50
2.51
4.50
1.51
1.51
2.50
1.00
2.02
3.50
1.51
1.50
2.02
2.50
14.07
2.01
1.50
1.01
2.00
1.01
2.01
1.00
2.00
1.50
2.51
4.50
2.50
0.50
2.01
0.50
2.50
1.00
2.01
2.00
2.02
1.50
22.89
4.55
1.99
3.50
2.01
1.00
2.50
24.00
14.57
1.51
4.52
1.50
1.51
1.00
2.50
1.49
2.02
1.99
1.51
1.50
2.53
1.50
1.50
1.00
5.03
1.00
2.00
2.01
2.50
1.00
2.51
0.50
1.50
1.01
2.00
1.49
1.52
4.98
13.00
1.01
2.01
1.01
2.49
1.01
2.50
1.50
4.02
2.50
4.00
2.01
2.00
1.00
2.01
1.49
2.01
1.00
3.00
3.52
2.00
1.51
23.12
