2.51
0.51
2.51
1.01
2.01
1.51
1.52
1.00
3.54
1.01
5.00
0.51
2.50
0.50
2.53
1.51
1.52
1.01
3.50
1.01
2.51
0.51
5.05
11.50
2.02
2.54
1.51
1.01
3.02
1.01
5.05
1.01
2.01
1.01
1.01
1.51
2.02
0.51
3.50
1.01
1.01
1.01
2.53
1.01
4.02
1.51
2.02
24.75
4.02
1.01
2.02
1.00
1.51
12.63
4.55
1.52
2.02
1.00
3.05
1.01
2.00
0.51
2.02
1.01
2.02
1.51
2.51
3.54
2.51
0.51
2.50
0.51
2.50
1.01
2.51
1.02
4.04
1.01
5.50
1.02
2.51
1.52
2.51
11.68
2.53
1.52
5.53
0.51
2.53
1.00
2.03
1.01
2.02
1.00
1.52
1.52
2.00
0.50
5.05
0.51
