11.50
2.02
2.01
1.51
2.53
4.55
2.51
0.50
1.52
2.51
2.02
1.01
2.02
1.01
4.04
2.53
4.55
1.01
1.52
4.55
2.02
1.00
2.53
1.01
1.52
1.01
2.53
1.01
1.52
1.51
14.72
2.01
2.01
1.01
2.54
2.01
1.52
1.01
2.51
4.57
2.51
1.52
2.53
1.01
1.52
2.53
5.53
24.24
2.53
1.50
2.02
1.52
4.52
1.01
2.02
1.51
5.53
22.00
1.52
2.02
10.55
2.53
5.50
0.51
2.00
1.02
2.53
1.01
2.01
2.02
2.01
1.01
2.02
1.01
2.51
1.01
6.09
2.51
2.01
1.01
2.53
1.01
2.02
1.01
2.50
0.51
2.53
1.02
2.51
3.54
13.64
2.53
2.00
1.02
4.52
1.51
5.58
1.01
2.53
1.51
