0.50
2.99
0.50
1.50
0.50
1.51
14.00
1.01
0.50
1.51
0.50
1.50
0.50
1.01
2.49
1.01
1.00
1.01
0.50
1.50
1.00
1.01
0.50
2.00
0.50
8.00
1.52
1.49
0.50
1.50
0.50
1.00
0.50
2.51
1.00
0.51
1.00
1.01
0.50
1.49
0.50
1.01
0.50
1.00
0.50
1.01
1.00
16.00
0.50
1.49
0.50
1.01
0.50
1.00
0.50
7.00
1.51
1.00
0.50
1.01
0.50
1.50
0.00
1.00
0.50
1.01
15.58
0.50
1.00
3.02
0.50
1.01
0.50
1.01
0.50
1.01
1.00
1.00
0.50
1.51
0.50
3.00
0.50
2.00
0.50
6.57
2.01
1.00
1.00
3.00
0.50
1.00
0.50
1.00
0.50
1.00
1.01
1.00
0.50
1.51
