1.52
10.55
3.50
1.02
5.56
1.00
3.54
20.00
8.59
1.00
2.01
1.00
2.00
1.50
2.53
1.01
2.01
1.00
5.03
1.01
2.01
1.52
2.00
1.01
3.02
1.01
2.01
1.01
1.01
1.51
3.52
12.56
4.04
1.51
2.02
1.01
2.00
1.01
1.51
1.00
2.02
1.50
5.00
1.52
2.01
1.51
21.50
8.04
2.50
1.01
2.02
0.50
2.01
1.01
3.00
1.01
5.03
2.01
2.00
1.51
1.52
10.55
3.03
1.01
2.00
1.50
4.04
20.10
8.04
1.01
2.00
0.51
2.51
1.01
2.50
1.01
2.51
1.51
1.51
1.50
1.53
4.52
2.53
1.01
2.50
1.00
2.02
1.01
2.00
1.00
3.03
12.63
5.53
1.52
2.51
1.51
2.00
0.51
2.01
1.01
