14.57
1.52
1.01
2.53
1.01
1.51
1.01
2.01
1.01
2.00
4.55
1.50
1.00
2.03
3.03
2.50
1.52
2.50
1.01
2.02
2.02
2.01
2.50
2.02
3.03
2.02
1.01
1.51
1.01
2.53
11.68
1.51
0.51
4.98
1.01
2.51
1.01
1.01
1.51
2.03
2.01
2.50
19.10
9.05
1.52
1.51
1.01
20.10
10.55
2.02
2.02
2.50
0.51
1.50
0.50
1.51
1.01
1.00
0.51
3.54
14.57
1.52
1.01
2.01
1.51
2.53
1.01
2.02
1.01
5.05
1.51
1.52
1.01
2.02
1.52
2.53
1.52
1.52
1.01
2.02
1.52
2.02
4.02
3.02
1.52
2.01
1.01
2.01
0.51
2.51
12.63
4.55
1.01
2.01
3.54
1.51
0.51
2.01
0.51
2.53
