2.51
1.49
2.51
1.00
2.49
1.00
2.49
1.50
7.46
3.03
12.63
1.49
2.50
1.49
4.46
2.50
2.49
1.00
3.98
1.00
2.49
1.50
2.50
1.49
1.99
1.49
2.50
1.00
6.50
1.00
2.49
1.50
2.49
1.49
1.50
1.49
2.50
1.49
3.50
14.57
2.99
1.49
6.00
23.88
1.99
1.50
5.97
23.50
3.96
0.50
2.49
1.99
5.00
1.49
2.50
1.01
3.48
1.49
5.97
1.01
2.49
1.99
1.50
1.49
4.00
1.99
2.50
1.49
3.98
11.56
3.00
4.50
2.00
1.49
2.49
1.50
2.00
1.00
4.00
1.49
2.49
1.00
2.49
1.00
1.51
1.49
5.50
1.00
3.50
1.00
1.99
1.50
3.00
1.00
2.50
1.49
1.99
1.49
6.50
11.17
