5.53
1.01
2.01
1.51
2.02
1.51
2.53
11.62
2.51
1.51
5.53
1.01
22.61
6.03
1.52
1.51
2.53
0.50
3.03
1.01
2.50
1.01
5.05
1.00
2.02
1.01
2.00
1.01
2.51
1.01
2.53
0.51
2.02
1.01
2.51
0.51
8.04
11.17
3.48
1.01
2.53
1.01
5.05
1.01
2.02
1.01
21.61
5.53
2.02
1.52
3.00
1.02
2.02
1.01
1.52
1.01
2.02
3.52
2.51
1.52
2.01
1.01
2.51
0.51
1.51
0.51
2.51
13.64
2.53
1.52
2.53
1.00
21.61
7.58
2.03
1.01
2.51
1.01
2.03
1.01
5.53
1.01
2.02
1.01
2.02
1.51
2.51
1.01
1.52
1.01
3.03
1.50
4.55
1.01
2.02
0.51
3.00
10.55
2.54
2.01
