2.01
1.52
2.02
1.01
2.01
0.50
2.53
6.00
0.51
1.01
13.71
2.00
2.02
4.02
1.52
1.01
2.51
2.02
1.51
1.01
2.02
1.51
1.52
1.01
1.51
1.51
2.02
4.04
2.01
1.01
1.52
1.50
1.51
1.01
2.02
1.51
2.51
2.53
4.50
1.01
12.63
2.02
2.51
1.00
2.02
1.51
28.00
1.51
5.03
1.51
1.01
2.51
28.14
1.01
2.02
1.01
2.50
1.01
2.53
1.49
4.06
1.51
3.00
1.01
2.51
1.00
1.52
1.50
6.06
1.50
15.74
1.01
3.00
1.01
2.01
1.01
2.51
1.00
3.52
1.01
2.53
3.50
2.51
0.51
2.50
1.51
2.50
0.51
2.51
1.00
2.51
1.50
2.02
1.01
4.52
1.51
2.00
1.01
3.02
1.01
