2.50
1.00
1.52
1.50
2.51
1.01
2.51
2.02
4.98
1.01
1.51
1.49
17.09
2.02
3.00
1.52
2.00
2.51
2.51
1.01
5.50
0.51
2.00
1.01
2.53
1.01
3.00
2.01
2.50
1.51
3.03
1.51
2.51
1.01
5.53
1.50
2.00
2.01
2.01
1.51
1.52
1.00
13.50
4.04
2.53
1.50
10.61
19.90
2.51
2.00
2.02
1.01
3.00
9.05
20.00
1.00
5.05
2.01
1.50
1.01
2.50
0.50
3.02
0.50
3.52
1.50
2.50
2.02
5.03
1.01
2.00
2.00
13.13
1.52
3.00
1.01
5.00
3.00
2.51
1.01
2.01
1.49
2.53
1.50
2.01
1.00
2.51
2.00
4.98
1.01
5.00
2.00
2.53
1.49
2.02
1.00
2.02
2.50
2.00
1.01
