1.52
1.01
2.51
1.01
13.57
3.54
2.53
1.50
1.52
2.01
2.51
1.01
2.00
1.00
2.51
0.51
7.07
1.00
2.02
2.01
2.50
1.01
2.51
1.01
1.51
1.49
2.00
1.01
2.01
5.00
2.02
1.00
3.03
1.01
9.60
2.99
2.54
1.01
2.51
4.02
2.01
1.01
2.02
1.01
2.51
1.51
22.11
26.77
7.58
2.51
1.50
0.51
5.03
1.01
1.51
1.51
2.51
1.01
2.02
2.01
1.50
1.50
2.02
1.51
15.66
2.50
4.55
1.50
2.01
3.03
2.51
1.01
2.00
1.01
4.55
1.50
1.52
1.50
2.02
2.01
1.52
1.49
2.53
1.01
2.02
1.01
4.04
1.01
5.53
2.02
1.01
1.01
2.02
1.01
11.06
2.53
7.04
1.01
2.51
1.52
