4.00
1.01
1.50
1.51
14.57
3.00
2.50
1.01
2.51
1.01
2.00
1.49
14.65
14.00
4.50
2.01
2.01
1.00
2.00
1.51
2.01
1.99
1.51
1.50
2.51
2.00
1.50
1.49
5.53
1.00
1.50
1.00
2.49
1.01
12.94
2.53
5.50
1.00
2.01
1.49
2.00
1.50
2.01
1.49
2.50
1.99
14.00
14.07
2.97
1.50
2.50
1.50
4.98
2.00
2.50
2.00
2.50
1.49
2.00
1.50
2.50
1.99
2.49
1.50
16.58
3.48
2.50
1.50
2.49
1.00
1.50
1.01
15.42
13.07
2.50
1.01
2.99
4.02
2.49
1.01
2.01
1.00
2.00
1.50
2.50
1.51
2.99
1.51
2.00
1.51
2.00
1.00
1.50
4.00
12.50
2.51
3.00
0.51
2.51
1.50
