Linux 3.10.0-514.16.1.el7.x86_64 (b10-h01-r620.rdu.openstack.engineering.redhat.com_3.example.com) 	06/13/2017 	_x86_64_	(2 CPU)

02:23:02 AM     CPU      %usr     %nice      %sys   %iowait    %steal      %irq     %soft    %guest    %gnice     %idle
02:23:03 AM     all     50.25      0.00      0.50      0.00      0.00      0.00      0.00      0.00      0.00     49.25
02:23:03 AM       0    100.00      0.00      0.00      0.00      0.00      0.00      0.00      0.00      0.00      0.00
02:23:03 AM       1      0.00      0.00      1.01      0.00      0.00      0.00      0.00      0.00      0.00     98.99
02:23:04 AM     all     50.25      0.00      1.00      0.00      0.00      0.00      0.00      0.00      0.00     48.76
02:23:04 AM       0    100.00      0.00      0.00      0.00      0.00      0.00      0.00      0.00      0.00      0.00
02:23:04 AM       1      1.00      0.00      1.00      0.00      0.00      0.00      0.00      0.00      0.00     98.00
02:23:05 AM     all     50.25      0.00      1.01      0.00      0.00      0.00      0.00      0.00      0.00     48.74
02:23:05 AM       0     99.00      0.00      1.00      0.00      0.00      0.00      0.00      0.00      0.00      0.00
02:23:05 AM       1      1.01      0.00      1.01      0.00      0.00      0.00      0.00      0.00      0.00     97.98
02:23:06 AM     all     50.75      0.00      0.00      0.00      0.00      0.00      0.00      0.00      0.00     49.25
02:23:06 AM       0    100.00      0.00      0.00      0.00      0.00      0.00      0.00      0.00      0.00      0.00
02:23:06 AM       1      1.02      0.00      0.00      0.00      0.00      0.00      0.00      0.00      0.00     98.98
02:23:07 AM     all     50.25      0.00      0.50      0.00      0.00      0.00      0.00      0.00      0.00     49.25
02:23:07 AM       0     99.01      0.00      0.99      0.00      0.00      0.00      0.00      0.00      0.00      0.00
02:23:07 AM       1      1.00      0.00      1.00      0.00      0.00      0.00      0.00      0.00      0.00     98.00
02:23:08 AM     all     50.25      0.00      1.01      0.00      0.00      0.00      0.00      0.00      0.00     48.74
02:23:08 AM       0    100.00      0.00      0.00      0.00      0.00      0.00      0.00      0.00      0.00      0.00
02:23:08 AM       1      1.00      0.00      1.00      0.00      0.00      0.00      0.00      0.00      0.00     98.00
02:23:09 AM     all     50.75      0.00      0.00      0.00      0.00      0.00      0.00      0.00      0.00     49.25
02:23:09 AM       0    100.00      0.00      0.00      0.00      0.00      0.00      0.00      0.00      0.00      0.00
02:23:09 AM       1      0.00      0.00      0.00      0.00      0.00      0.00      0.00      0.00      0.00    100.00
02:23:10 AM     all     50.50      0.00      0.50      0.00      0.00      0.00      0.00      0.00      0.00     49.00
02:23:10 AM       0     99.00      0.00      1.00      0.00      0.00      0.00      0.00      0.00      0.00      0.00
02:23:10 AM       1      1.98      0.00      0.99      0.00      0.00      0.00      0.00      0.00      0.00     97.03
02:23:11 AM     all     49.75      0.00      1.00      0.00      0.00      0.00      0.50      0.00      0.00     48.76
02:23:11 AM       0     99.01      0.00      0.99      0.00      0.00      0.00      0.00      0.00      0.00      0.00
02:23:11 AM       1      1.01      0.00      1.01      0.00      0.00      0.00      0.00      0.00      0.00     97.98
02:23:12 AM     all     51.26      0.00      3.02      0.00      0.00      0.00      0.00      0.00      0.00     45.73
02:23:12 AM       0    100.00      0.00      0.00      0.00      0.00      0.00      0.00      0.00      0.00      0.00
02:23:12 AM       1      2.00      0.00      6.00      0.00      0.00      0.00      0.00      0.00      0.00     92.00
02:23:13 AM     all     50.50      0.00      0.00      0.00      0.00      0.00      0.00      0.00      0.00     49.50
02:23:13 AM       0     20.20      0.00      0.00      0.00      0.00      0.00      0.00      0.00      0.00     79.80
02:23:13 AM       1     80.81      0.00      0.00      0.00      0.00      0.00      0.00      0.00      0.00     19.19
02:23:14 AM     all     50.25      0.00      0.50      0.00      0.00      0.00      0.00      0.00      0.00     49.25
02:23:14 AM       0      1.00      0.00      1.00      0.00      0.00      0.00      0.00      0.00      0.00     98.00
02:23:14 AM       1    100.00      0.00      0.00      0.00      0.00      0.00      0.00      0.00      0.00      0.00
02:23:15 AM     all     50.25      0.00      1.00      0.00      0.00      0.00      0.00      0.00      0.00     48.76
02:23:15 AM       0      1.01      0.00      0.00      0.00      0.00      0.00      0.00      0.00      0.00     98.99
02:23:15 AM       1     99.00      0.00      1.00      0.00      0.00      0.00      0.00      0.00      0.00      0.00
02:23:16 AM     all     50.51      0.00      0.51      0.00      0.00      0.00      0.00      0.00      0.00     48.99
02:23:16 AM       0     19.00      0.00      1.00      0.00      0.00      0.00      0.00      0.00      0.00     80.00
02:23:16 AM       1     81.82      0.00      0.00      0.00      0.00      0.00      0.00      0.00      0.00     18.18
02:23:17 AM     all     50.00      0.00      0.50      0.00      0.00      0.00      0.00      0.00      0.00     49.50
02:23:17 AM       0     99.01      0.00      0.99      0.00      0.00      0.00      0.00      0.00      0.00      0.00
02:23:17 AM       1      0.99      0.00      0.99      0.00      0.00      0.00      0.00      0.00      0.00     98.02
02:23:18 AM     all     50.50      0.00      0.50      0.00      0.00      0.00      0.00      0.00      0.00     49.00
02:23:18 AM       0    100.00      0.00      0.00      0.00      0.00      0.00      0.00      0.00      0.00      0.00
02:23:18 AM       1      1.02      0.00      0.00      0.00      0.00      0.00      0.00      0.00      0.00     98.98
02:23:19 AM     all     50.25      0.00      0.50      0.00      0.00      0.00      0.00      0.00      0.00     49.25
02:23:19 AM       0    100.00      0.00      0.00      0.00      0.00      0.00      0.00      0.00      0.00      0.00
02:23:19 AM       1      0.00      0.00      1.00      0.00      0.00      0.00      0.00      0.00      0.00     99.00
02:23:20 AM     all     50.25      0.00      0.50      0.00      0.00      0.00      0.00      0.00      0.00     49.25
02:23:20 AM       0     99.01      0.00      0.99      0.00      0.00      0.00      0.00      0.00      0.00      0.00
02:23:20 AM       1      1.01      0.00      1.01      0.00      0.00      0.00      0.00      0.00      0.00     97.98
02:23:21 AM     all     50.75      0.00      0.50      0.00      0.00      0.00      0.00      0.00      0.00     48.74
02:23:21 AM       0    100.00      0.00      0.00      0.00      0.00      0.00      0.00      0.00      0.00      0.00
02:23:21 AM       1      1.00      0.00      1.00      0.00      0.00      0.00      0.00      0.00      0.00     98.00
02:23:22 AM     all     50.50      0.00      0.50      0.00      0.00      0.00      0.00      0.00      0.00     49.00
02:23:22 AM       0    100.00      0.00      0.00      0.00      0.00      0.00      0.00      0.00      0.00      0.00
02:23:22 AM       1      2.02      0.00      0.00      0.00      0.00      0.00      0.00      0.00      0.00     97.98
Average:        all     50.40      0.00      0.68      0.00      0.00      0.00      0.03      0.00      0.00     48.90
Average:          0     81.83      0.00      0.40      0.00      0.00      0.00      0.00      0.00      0.00     17.77
Average:          1     18.90      0.00      0.90      0.00      0.00      0.00      0.00      0.00      0.00     80.19

