1.01
0.50
1.01
0.50
1.01
0.00
1.50
1.01
1.51
0.50
1.51
0.50
1.01
0.50
0.50
0.50
1.01
0.50
1.01
0.50
3.54
0.50
1.01
0.50
6.03
0.00
1.00
0.50
1.00
0.50
2.51
0.50
0.50
0.50
1.01
5.50
8.50
0.00
1.50
0.50
1.50
0.00
2.01
0.50
1.01
0.50
6.03
8.04
1.00
0.50
1.51
0.00
1.00
0.50
7.04
1.50
1.01
0.50
1.00
0.50
1.01
2.00
1.01
0.00
1.00
0.50
1.01
0.50
0.51
1.00
1.51
0.50
1.01
0.50
2.01
0.50
1.00
0.00
1.01
0.00
1.51
0.50
1.00
0.50
7.00
0.50
1.00
0.50
0.50
0.00
1.51
0.50
1.00
0.50
0.50
5.53
9.95
1.51
1.01
0.50
