2.51
1.01
2.02
1.01
1.52
1.01
3.02
0.51
2.01
1.52
2.51
3.54
2.53
1.01
13.13
1.01
2.01
1.51
10.61
17.09
4.52
1.01
2.02
1.52
2.00
2.01
4.02
1.51
1.51
1.51
2.02
1.01
2.01
3.52
2.02
1.00
2.54
1.51
1.51
1.01
2.01
2.00
2.02
1.01
16.33
9.95
18.59
1.01
2.50
0.50
2.02
3.50
1.51
1.01
5.03
1.50
2.51
1.51
2.00
1.01
2.01
1.51
2.01
1.00
2.02
1.01
5.53
1.01
2.01
1.52
2.01
1.51
2.01
1.01
13.57
1.01
4.52
1.01
11.06
17.41
2.53
1.51
2.01
1.01
2.01
1.01
4.57
2.00
2.51
3.52
2.01
1.01
2.50
1.01
2.02
1.01
3.52
1.01
2.00
1.01
