1.01
13.13
2.02
2.53
1.01
3.02
1.52
4.52
1.52
1.51
7.58
21.11
2.01
2.01
0.51
2.53
1.01
2.51
1.52
1.51
1.01
4.55
1.00
2.53
1.01
2.53
0.51
2.53
1.00
1.01
1.51
14.29
3.02
2.51
0.51
2.51
1.01
4.02
2.01
1.52
1.01
2.02
1.01
4.52
0.51
2.51
7.58
21.50
1.51
1.52
1.50
2.53
1.01
1.51
1.50
6.06
1.01
2.53
1.01
1.51
1.01
12.00
2.02
3.52
1.01
5.56
1.00
2.53
2.01
1.50
7.11
22.00
1.01
1.02
1.50
3.54
1.01
2.01
1.02
4.52
1.50
3.54
1.01
2.02
1.01
4.02
0.51
2.00
1.52
2.02
0.50
16.16
2.51
1.52
1.01
3.54
1.01
2.01
2.53
2.03
