1.01
2.00
2.01
1.51
2.03
1.50
5.56
1.51
2.00
0.51
2.02
1.01
2.01
1.01
2.02
0.50
2.53
1.51
2.53
1.01
5.05
1.51
2.03
1.01
2.51
1.01
12.63
1.01
2.51
4.55
1.50
1.02
3.02
1.01
1.52
1.00
4.52
1.51
2.02
27.86
2.02
1.01
2.51
4.02
3.02
1.01
3.03
25.13
2.01
1.01
2.02
1.51
2.01
1.51
2.51
1.01
16.58
1.51
2.51
1.01
2.02
3.54
2.02
1.00
5.05
1.01
2.51
1.52
1.51
1.51
2.54
1.51
3.03
0.50
2.53
1.01
6.06
1.50
2.03
1.00
2.00
1.51
3.52
1.01
1.51
1.50
16.67
2.02
2.01
1.01
2.02
1.51
2.00
1.01
2.03
0.50
2.53
3.00
1.50
26.77
