Linux 3.10.0-514.16.1.el7.x86_64 (b09-h15-r620.rdu.openstack.engineering.redhat.com_3.example.com) 	06/13/2017 	_x86_64_	(2 CPU)

02:19:50 AM     CPU      %usr     %nice      %sys   %iowait    %steal      %irq     %soft    %guest    %gnice     %idle
02:19:51 AM     all     50.25      0.00      0.50      0.00      0.00      0.00      0.00      0.00      0.00     49.25
02:19:51 AM       0    100.00      0.00      0.00      0.00      0.00      0.00      0.00      0.00      0.00      0.00
02:19:51 AM       1      0.00      0.00      1.01      0.00      0.00      0.00      0.00      0.00      0.00     98.99
02:19:52 AM     all     50.50      0.00      0.50      0.00      0.00      0.00      0.00      0.00      0.00     49.00
02:19:52 AM       0    100.00      0.00      0.00      0.00      0.00      0.00      0.00      0.00      0.00      0.00
02:19:52 AM       1      1.98      0.00      0.99      0.00      0.00      0.00      0.00      0.00      0.00     97.03
02:19:53 AM     all     50.50      0.00      0.50      0.00      0.00      0.00      0.00      0.00      0.00     49.00
02:19:53 AM       0     99.01      0.00      0.99      0.00      0.00      0.00      0.00      0.00      0.00      0.00
02:19:53 AM       1      1.00      0.00      1.00      0.00      0.00      0.00      0.00      0.00      0.00     98.00
02:19:54 AM     all     50.25      0.00      1.00      0.00      0.00      0.00      0.00      0.00      0.00     48.76
02:19:54 AM       0    100.00      0.00      0.00      0.00      0.00      0.00      0.00      0.00      0.00      0.00
02:19:54 AM       1      2.00      0.00      1.00      0.00      0.00      0.00      0.00      0.00      0.00     97.00
02:19:55 AM     all     50.50      0.00      0.50      0.00      0.00      0.00      0.00      0.00      0.00     49.00
02:19:55 AM       0    100.00      0.00      0.00      0.00      0.00      0.00      0.00      0.00      0.00      0.00
02:19:55 AM       1      0.99      0.00      0.99      0.00      0.00      0.00      0.00      0.00      0.00     98.02
02:19:56 AM     all     50.50      0.00      1.00      0.00      0.00      0.00      0.00      0.00      0.00     48.50
02:19:56 AM       0     99.01      0.00      0.99      0.00      0.00      0.00      0.00      0.00      0.00      0.00
02:19:56 AM       1      1.00      0.00      2.00      0.00      0.00      0.00      0.00      0.00      0.00     97.00
02:19:57 AM     all     50.00      0.00      0.99      0.00      0.00      0.00      0.50      0.00      0.00     48.51
02:19:57 AM       0    100.00      0.00      0.00      0.00      0.00      0.00      0.00      0.00      0.00      0.00
02:19:57 AM       1      2.00      0.00      1.00      0.00      0.00      0.00      0.00      0.00      0.00     97.00
02:19:58 AM     all     50.75      0.00      1.01      0.00      0.00      0.00      0.00      0.00      0.00     48.24
02:19:58 AM       0    100.00      0.00      0.00      0.00      0.00      0.00      0.00      0.00      0.00      0.00
02:19:58 AM       1      1.00      0.00      2.00      0.00      0.00      0.00      0.00      0.00      0.00     97.00
02:19:59 AM     all     50.00      0.00      0.50      0.00      0.00      0.00      0.00      0.00      0.00     49.50
02:19:59 AM       0     99.00      0.00      1.00      0.00      0.00      0.00      0.00      0.00      0.00      0.00
02:19:59 AM       1      0.99      0.00      0.99      0.00      0.00      0.00      0.00      0.00      0.00     98.02
02:20:00 AM     all     50.50      0.00      1.50      0.00      0.00      0.00      0.00      0.00      0.00     48.00
02:20:00 AM       0    100.00      0.00      0.00      0.00      0.00      0.00      0.00      0.00      0.00      0.00
02:20:00 AM       1      1.00      0.00      3.00      0.00      0.00      0.00      0.00      0.00      0.00     96.00
02:20:01 AM     all     50.75      0.00      3.48      0.00      0.00      0.00      0.00      0.00      0.00     45.77
02:20:01 AM       0     99.01      0.00      0.99      0.00      0.00      0.00      0.00      0.00      0.00      0.00
02:20:01 AM       1      3.00      0.00      5.00      0.00      0.00      0.00      0.00      0.00      0.00     92.00
02:20:02 AM     all     50.50      0.00      1.00      0.00      0.00      0.00      0.00      0.00      0.00     48.50
02:20:02 AM       0     99.00      0.00      1.00      0.00      0.00      0.00      0.00      0.00      0.00      0.00
02:20:02 AM       1      1.98      0.00      1.98      0.00      0.00      0.00      0.00      0.00      0.00     96.04
02:20:03 AM     all     50.25      0.00      0.50      0.00      0.00      0.00      0.00      0.00      0.00     49.25
02:20:03 AM       0    100.00      0.00      0.00      0.00      0.00      0.00      0.00      0.00      0.00      0.00
02:20:03 AM       1      0.99      0.00      0.99      0.00      0.00      0.00      0.00      0.00      0.00     98.02
02:20:04 AM     all     50.75      0.00      0.50      0.00      0.00      0.00      0.00      0.00      0.00     48.74
02:20:04 AM       0    100.00      0.00      0.00      0.00      0.00      0.00      0.00      0.00      0.00      0.00
02:20:04 AM       1      1.01      0.00      1.01      0.00      0.00      0.00      0.00      0.00      0.00     97.98
02:20:05 AM     all     50.50      0.00      2.50      0.00      0.00      0.00      0.00      0.00      0.00     47.00
02:20:05 AM       0    100.00      0.00      0.00      0.00      0.00      0.00      0.00      0.00      0.00      0.00
02:20:05 AM       1      2.00      0.00      4.00      0.00      0.00      0.00      0.00      0.00      0.00     94.00
02:20:06 AM     all     51.50      0.00      1.00      0.00      0.00      0.00      0.00      0.00      0.00     47.50
02:20:06 AM       0     99.00      0.00      1.00      0.00      0.00      0.00      0.00      0.00      0.00      0.00
02:20:06 AM       1      3.00      0.00      2.00      0.00      0.00      0.00      0.00      0.00      0.00     95.00
02:20:07 AM     all     50.51      0.00      0.00      0.00      0.00      0.00      0.00      0.00      0.00     49.49
02:20:07 AM       0    100.00      0.00      0.00      0.00      0.00      0.00      0.00      0.00      0.00      0.00
02:20:07 AM       1      1.01      0.00      0.00      0.00      0.00      0.00      0.00      0.00      0.00     98.99
02:20:08 AM     all     50.75      0.00      1.00      0.00      0.00      0.00      0.00      0.00      0.00     48.26
02:20:08 AM       0     99.00      0.00      0.00      0.00      0.00      0.00      1.00      0.00      0.00      0.00
02:20:08 AM       1      2.00      0.00      1.00      0.00      0.00      0.00      0.00      0.00      0.00     97.00
02:20:09 AM     all     50.00      0.00      0.50      0.00      0.00      0.00      0.00      0.00      0.00     49.50
02:20:09 AM       0     99.01      0.00      0.99      0.00      0.00      0.00      0.00      0.00      0.00      0.00
02:20:09 AM       1      0.99      0.00      0.99      0.00      0.00      0.00      0.00      0.00      0.00     98.02
02:20:10 AM     all     50.75      0.00      1.00      0.00      0.00      0.00      0.50      0.00      0.00     47.76
02:20:10 AM       0    100.00      0.00      0.00      0.00      0.00      0.00      0.00      0.00      0.00      0.00
02:20:10 AM       1      2.00      0.00      2.00      0.00      0.00      0.00      0.00      0.00      0.00     96.00
Average:        all     50.50      0.00      0.97      0.00      0.00      0.00      0.05      0.00      0.00     48.48
Average:          0     99.60      0.00      0.35      0.00      0.00      0.00      0.05      0.00      0.00      0.00
Average:          1      1.50      0.00      1.65      0.00      0.00      0.00      0.00      0.00      0.00     96.85

