3.52
5.05
1.01
3.03
2.53
12.63
1.01
2.01
1.00
5.56
1.51
2.01
1.01
2.51
1.01
2.00
1.01
2.51
2.01
2.51
1.51
2.02
4.00
2.53
1.51
1.52
1.01
2.51
1.01
2.53
1.01
3.02
1.01
1.50
15.23
2.01
0.50
2.51
1.50
2.03
0.51
2.00
1.51
2.53
1.01
2.00
3.54
28.00
1.01
2.54
1.01
2.51
1.01
2.49
1.01
2.01
0.51
2.50
1.01
5.05
1.01
2.01
1.00
1.52
13.07
3.55
1.01
4.55
2.01
2.53
1.00
2.50
1.01
1.51
1.52
2.01
1.00
2.02
4.02
5.56
1.50
1.01
1.50
2.53
1.51
2.03
1.01
2.00
1.01
3.02
1.01
2.51
0.51
4.55
11.62
3.02
1.01
2.51
1.00
2.04
