2.01
15.15
2.53
2.01
1.50
2.02
0.50
2.53
1.01
2.02
2.01
4.52
4.52
3.05
1.01
2.01
1.01
2.53
1.49
1.51
2.01
2.01
1.01
2.00
2.53
4.55
1.01
2.51
1.51
2.00
1.50
11.62
2.51
2.01
1.49
5.05
1.50
2.51
1.01
2.51
2.00
2.03
1.01
1.52
16.00
15.15
16.50
14.00
1.50
5.03
2.01
3.00
1.51
1.51
1.50
2.51
1.50
3.02
1.01
2.01
2.50
16.16
3.02
2.00
1.51
1.51
2.01
2.51
1.49
2.00
5.56
2.01
1.52
2.01
2.51
2.51
1.01
2.02
1.50
2.53
2.50
2.50
1.01
2.00
1.52
6.53
0.51
1.99
1.01
2.50
4.02
10.61
2.02
2.01
1.50
5.05
1.50
1.51
1.01
2.51
